Core, 0
Cumulative Cycles, 24257451            
Cumulative Instructions, 20000000            
Cumulative IPC, 0.82449
Periodic Cycles, 11926575            
Periodic Instructions, 9999992             
Periodic IPC, 0.83846

PREF_DL0REQ_QUEUE_HIT_BY_DEMAND_count,             0
PREF_DL0REQ_QUEUE_HIT_BY_DEMAND_total_count,             0

PREF_UMLC_REQ_QUEUE_HIT_BY_DEMAND_count,             0
PREF_UMLC_REQ_QUEUE_HIT_BY_DEMAND_total_count,             0

PREF_UL1REQ_QUEUE_HIT_BY_DEMAND_count,             0
PREF_UL1REQ_QUEUE_HIT_BY_DEMAND_total_count,             0

PREF_DL0REQ_QUEUE_FULL_count,             0
PREF_DL0REQ_QUEUE_FULL_total_count,             0

PREF_UMLC_REQ_QUEUE_FULL_count,             0
PREF_UMLC_REQ_QUEUE_FULL_total_count,             0

PREF_UL1REQ_QUEUE_FULL_count,             0
PREF_UL1REQ_QUEUE_FULL_total_count,             0

PREF_DC_HIT_NOSEND_count,             0
PREF_DC_HIT_NOSEND_total_count,             0

PREF_WBQDC_HIT_NOSEND_count,             0
PREF_WBQDC_HIT_NOSEND_total_count,             0

PREF_MLCQ_STALL_count,             0
PREF_MLCQ_STALL_total_count,             0

PREF_L1Q_STALL_count,             0
PREF_L1Q_STALL_total_count,             0

PREF_UMLC_REQ_SEND_QUEUE_STALL_count,             0
PREF_UMLC_REQ_SEND_QUEUE_STALL_total_count,             0

PREF_UL1REQ_SEND_QUEUE_STALL_count,          1190
PREF_UL1REQ_SEND_QUEUE_STALL_total_count,          3793

PREF_UMLC_REQ_QUEUE_SENTREQ_count,             0
PREF_UMLC_REQ_QUEUE_SENTREQ_total_count,             0

PREF_UL1REQ_QUEUE_SENTREQ_count,         67483
PREF_UL1REQ_QUEUE_SENTREQ_total_count,        130585

PREF_NEWREQ_MATCHED_count,             9
PREF_NEWREQ_MATCHED_total_count,            24

PREF_UMLC_REQ_QUEUE_MATCHED_REQ_count,             0
PREF_UMLC_REQ_QUEUE_MATCHED_REQ_total_count,             0

PREF_UL1REQ_QUEUE_MATCHED_REQ_count,             0
PREF_UL1REQ_QUEUE_MATCHED_REQ_total_count,             0

PREF_DL0REQ_QUEUE_MATCHED_REQ_count,             0
PREF_DL0REQ_QUEUE_MATCHED_REQ_total_count,             0

L1_PREF_HIT_count,         76484
L1_PREF_HIT_total_count,        147944

L1_PREF_UNIQUE_HIT_count,         66903
L1_PREF_UNIQUE_HIT_total_count,        129491

L1_PREF_LATE_count,           433
L1_PREF_LATE_total_count,           760

L1_LATE_PREF_CYCLES_count,        204197
L1_LATE_PREF_CYCLES_total_count,        363520

L1_LATE_PREF_CYCLES_DIST_0_count,            56
L1_LATE_PREF_CYCLES_DIST_0_pct,       12.933
L1_LATE_PREF_CYCLES_DIST_0_total_count,            80
L1_LATE_PREF_CYCLES_DIST_0_total_pct,       10.526

L1_LATE_PREF_CYCLES_DIST_100_count,            72
L1_LATE_PREF_CYCLES_DIST_100_pct,       16.628
L1_LATE_PREF_CYCLES_DIST_100_total_count,           138
L1_LATE_PREF_CYCLES_DIST_100_total_pct,       18.158

L1_LATE_PREF_CYCLES_DIST_200_count,            57
L1_LATE_PREF_CYCLES_DIST_200_pct,       13.164
L1_LATE_PREF_CYCLES_DIST_200_total_count,           107
L1_LATE_PREF_CYCLES_DIST_200_total_pct,       14.079

L1_LATE_PREF_CYCLES_DIST_300_count,            54
L1_LATE_PREF_CYCLES_DIST_300_pct,       12.471
L1_LATE_PREF_CYCLES_DIST_300_total_count,            87
L1_LATE_PREF_CYCLES_DIST_300_total_pct,       11.447

L1_LATE_PREF_CYCLES_DIST_400_count,            49
L1_LATE_PREF_CYCLES_DIST_400_pct,       11.316
L1_LATE_PREF_CYCLES_DIST_400_total_count,            83
L1_LATE_PREF_CYCLES_DIST_400_total_pct,       10.921

L1_LATE_PREF_CYCLES_DIST_500_count,            29
L1_LATE_PREF_CYCLES_DIST_500_pct,        6.697
L1_LATE_PREF_CYCLES_DIST_500_total_count,            52
L1_LATE_PREF_CYCLES_DIST_500_total_pct,        6.842

L1_LATE_PREF_CYCLES_DIST_600_count,            13
L1_LATE_PREF_CYCLES_DIST_600_pct,        3.002
L1_LATE_PREF_CYCLES_DIST_600_total_count,            28
L1_LATE_PREF_CYCLES_DIST_600_total_pct,        3.684

L1_LATE_PREF_CYCLES_DIST_700_count,            13
L1_LATE_PREF_CYCLES_DIST_700_pct,        3.002
L1_LATE_PREF_CYCLES_DIST_700_total_count,            26
L1_LATE_PREF_CYCLES_DIST_700_total_pct,        3.421

L1_LATE_PREF_CYCLES_DIST_800_count,            10
L1_LATE_PREF_CYCLES_DIST_800_pct,        2.309
L1_LATE_PREF_CYCLES_DIST_800_total_count,            26
L1_LATE_PREF_CYCLES_DIST_800_total_pct,        3.421

L1_LATE_PREF_CYCLES_DIST_900_count,            13
L1_LATE_PREF_CYCLES_DIST_900_pct,        3.002
L1_LATE_PREF_CYCLES_DIST_900_total_count,            21
L1_LATE_PREF_CYCLES_DIST_900_total_pct,        2.763

L1_LATE_PREF_CYCLES_DIST_1000_count,            19
L1_LATE_PREF_CYCLES_DIST_1000_pct,        4.388
L1_LATE_PREF_CYCLES_DIST_1000_total_count,            29
L1_LATE_PREF_CYCLES_DIST_1000_total_pct,        3.816

L1_LATE_PREF_CYCLES_DIST_1100_count,            19
L1_LATE_PREF_CYCLES_DIST_1100_pct,        4.388
L1_LATE_PREF_CYCLES_DIST_1100_total_count,            32
L1_LATE_PREF_CYCLES_DIST_1100_total_pct,        4.211

L1_LATE_PREF_CYCLES_DIST_1200_count,            18
L1_LATE_PREF_CYCLES_DIST_1200_pct,        4.157
L1_LATE_PREF_CYCLES_DIST_1200_total_count,            29
L1_LATE_PREF_CYCLES_DIST_1200_total_pct,        3.816

L1_LATE_PREF_CYCLES_DIST_1300_count,            11
L1_LATE_PREF_CYCLES_DIST_1300_pct,        2.540
L1_LATE_PREF_CYCLES_DIST_1300_total_count,            11
L1_LATE_PREF_CYCLES_DIST_1300_total_pct,        1.447

L1_LATE_PREF_CYCLES_DIST_1400_count,             0
L1_LATE_PREF_CYCLES_DIST_1400_pct,        0.000
L1_LATE_PREF_CYCLES_DIST_1400_total_count,             7
L1_LATE_PREF_CYCLES_DIST_1400_total_pct,        0.921

L1_LATE_PREF_CYCLES_DIST_1500_count,             0
L1_LATE_PREF_CYCLES_DIST_1500_pct,        0.000
L1_LATE_PREF_CYCLES_DIST_1500_total_count,             4
L1_LATE_PREF_CYCLES_DIST_1500_total_pct,        0.526

L1_LATE_PREF_CYCLES_DIST_1600_count,             0
L1_LATE_PREF_CYCLES_DIST_1600_pct,        0.000
L1_LATE_PREF_CYCLES_DIST_1600_total_count,             0
L1_LATE_PREF_CYCLES_DIST_1600_total_pct,        0.000

L1_LATE_PREF_CYCLES_DIST_1700_count,             0
L1_LATE_PREF_CYCLES_DIST_1700_pct,        0.000
L1_LATE_PREF_CYCLES_DIST_1700_total_count,             0
L1_LATE_PREF_CYCLES_DIST_1700_total_pct,        0.000

L1_LATE_PREF_CYCLES_DIST_1800_count,             0
L1_LATE_PREF_CYCLES_DIST_1800_pct,        0.000
L1_LATE_PREF_CYCLES_DIST_1800_total_count,             0
L1_LATE_PREF_CYCLES_DIST_1800_total_pct,        0.000

L1_LATE_PREF_CYCLES_DIST_1900_count,             0
L1_LATE_PREF_CYCLES_DIST_1900_pct,        0.000
L1_LATE_PREF_CYCLES_DIST_1900_total_count,             0
L1_LATE_PREF_CYCLES_DIST_1900_total_pct,        0.000

L1_LATE_PREF_CYCLES_DIST_2000_count,             0
L1_LATE_PREF_CYCLES_DIST_2000_pct,        0.000
L1_LATE_PREF_CYCLES_DIST_2000_total_count,             0
L1_LATE_PREF_CYCLES_DIST_2000_total_pct,        0.000
L1_LATE_PREF_CYCLES_DIST_2000_sum_count,           433
L1_LATE_PREF_CYCLES_DIST_2000_sum_pct,      100.000
L1_LATE_PREF_CYCLES_DIST_2000_sum_total_count,           760
L1_LATE_PREF_CYCLES_DIST_2000_sum_total_pct,      100.000
L1_LATE_PREF_CYCLES_DIST_2000_mean,         4.19
L1_LATE_PREF_CYCLES_DIST_2000_stddev,         3.46
L1_LATE_PREF_CYCLES_DIST_2000_total_mean,         4.27
L1_LATE_PREF_CYCLES_DIST_2000_total_stddev,         3.52

MLC_PREF_HIT_count,           421
MLC_PREF_HIT_total_count,          1468

MLC_PREF_UNIQUE_HIT_count,             0
MLC_PREF_UNIQUE_HIT_total_count,            75

MLC_PREF_LATE_count,             0
MLC_PREF_LATE_total_count,             0

PREF_HYBRID_SEL_0_count,             0
PREF_HYBRID_SEL_0_pct,         -nan
PREF_HYBRID_SEL_0_total_count,             0
PREF_HYBRID_SEL_0_total_pct,         -nan

PREF_HYBRID_SEL_1_count,             0
PREF_HYBRID_SEL_1_pct,         -nan
PREF_HYBRID_SEL_1_total_count,             0
PREF_HYBRID_SEL_1_total_pct,         -nan

PREF_HYBRID_SEL_2_count,             0
PREF_HYBRID_SEL_2_pct,         -nan
PREF_HYBRID_SEL_2_total_count,             0
PREF_HYBRID_SEL_2_total_pct,         -nan

PREF_HYBRID_SEL_3_count,             0
PREF_HYBRID_SEL_3_pct,         -nan
PREF_HYBRID_SEL_3_total_count,             0
PREF_HYBRID_SEL_3_total_pct,         -nan

PREF_HYBRID_SEL_4_count,             0
PREF_HYBRID_SEL_4_pct,         -nan
PREF_HYBRID_SEL_4_total_count,             0
PREF_HYBRID_SEL_4_total_pct,         -nan

PREF_HYBRID_SEL_5_count,             0
PREF_HYBRID_SEL_5_pct,         -nan
PREF_HYBRID_SEL_5_total_count,             0
PREF_HYBRID_SEL_5_total_pct,         -nan

PREF_HYBRID_SEL_6_count,             0
PREF_HYBRID_SEL_6_pct,         -nan
PREF_HYBRID_SEL_6_total_count,             0
PREF_HYBRID_SEL_6_total_pct,         -nan
PREF_HYBRID_SEL_6_sum_count,             0
PREF_HYBRID_SEL_6_sum_pct,         -nan
PREF_HYBRID_SEL_6_sum_total_count,             0
PREF_HYBRID_SEL_6_sum_total_pct,         -nan
PREF_HYBRID_SEL_6_mean,         -nan
PREF_HYBRID_SEL_6_stddev,         -nan
PREF_HYBRID_SEL_6_total_mean,         -nan
PREF_HYBRID_SEL_6_total_stddev,         -nan

PREF_DISTANCE_1_count,             0
PREF_DISTANCE_1_pct,        0.000
PREF_DISTANCE_1_total_count,             0
PREF_DISTANCE_1_total_pct,        0.000

PREF_DISTANCE_2_count,             0
PREF_DISTANCE_2_pct,        0.000
PREF_DISTANCE_2_total_count,             0
PREF_DISTANCE_2_total_pct,        0.000

PREF_DISTANCE_3_count,            10
PREF_DISTANCE_3_pct,      100.000
PREF_DISTANCE_3_total_count,            16
PREF_DISTANCE_3_total_pct,      100.000

PREF_DISTANCE_4_count,             0
PREF_DISTANCE_4_pct,        0.000
PREF_DISTANCE_4_total_count,             0
PREF_DISTANCE_4_total_pct,        0.000

PREF_DISTANCE_5_count,             0
PREF_DISTANCE_5_pct,        0.000
PREF_DISTANCE_5_total_count,             0
PREF_DISTANCE_5_total_pct,        0.000

PREF_DISTANCE_6_count,             0
PREF_DISTANCE_6_pct,        0.000
PREF_DISTANCE_6_total_count,             0
PREF_DISTANCE_6_total_pct,        0.000

PREF_DISTANCE_7_count,             0
PREF_DISTANCE_7_pct,        0.000
PREF_DISTANCE_7_total_count,             0
PREF_DISTANCE_7_total_pct,        0.000

PREF_DISTANCE_8_count,             0
PREF_DISTANCE_8_pct,        0.000
PREF_DISTANCE_8_total_count,             0
PREF_DISTANCE_8_total_pct,        0.000

PREF_DISTANCE_9_count,             0
PREF_DISTANCE_9_pct,        0.000
PREF_DISTANCE_9_total_count,             0
PREF_DISTANCE_9_total_pct,        0.000

PREF_DISTANCE_10_count,             0
PREF_DISTANCE_10_pct,        0.000
PREF_DISTANCE_10_total_count,             0
PREF_DISTANCE_10_total_pct,        0.000
PREF_DISTANCE_10_sum_count,            10
PREF_DISTANCE_10_sum_pct,      100.000
PREF_DISTANCE_10_sum_total_count,            16
PREF_DISTANCE_10_sum_total_pct,      100.000
PREF_DISTANCE_10_mean,         2.00
PREF_DISTANCE_10_stddev,         0.00
PREF_DISTANCE_10_total_mean,         2.00
PREF_DISTANCE_10_total_stddev,         0.00

PREF_REPL_MRU_count,             0
PREF_REPL_MRU_pct,         -nan
PREF_REPL_MRU_total_count,             0
PREF_REPL_MRU_total_pct,         -nan

PREF_REPL_MID_count,             0
PREF_REPL_MID_pct,         -nan
PREF_REPL_MID_total_count,             0
PREF_REPL_MID_total_pct,         -nan

PREF_REPL_LOWQTR_count,             0
PREF_REPL_LOWQTR_pct,         -nan
PREF_REPL_LOWQTR_total_count,             0
PREF_REPL_LOWQTR_total_pct,         -nan

PREF_REPL_LRU_count,             0
PREF_REPL_LRU_pct,         -nan
PREF_REPL_LRU_total_count,             0
PREF_REPL_LRU_total_pct,         -nan
PREF_REPL_LRU_sum_count,             0
PREF_REPL_LRU_sum_pct,         -nan
PREF_REPL_LRU_sum_total_count,             0
PREF_REPL_LRU_sum_total_pct,         -nan
PREF_REPL_LRU_mean,         -nan
PREF_REPL_LRU_stddev,         -nan
PREF_REPL_LRU_total_mean,         -nan
PREF_REPL_LRU_total_stddev,         -nan

PREF_REPL_MOVEDOWN_count,             0
PREF_REPL_MOVEDOWN_pct,         -nan
PREF_REPL_MOVEDOWN_total_count,             0
PREF_REPL_MOVEDOWN_total_pct,         -nan

PREF_REPL_MOVEUP_count,             0
PREF_REPL_MOVEUP_pct,         -nan
PREF_REPL_MOVEUP_total_count,             0
PREF_REPL_MOVEUP_total_pct,         -nan
PREF_REPL_MOVEUP_sum_count,             0
PREF_REPL_MOVEUP_sum_pct,         -nan
PREF_REPL_MOVEUP_sum_total_count,             0
PREF_REPL_MOVEUP_sum_total_pct,         -nan
PREF_REPL_MOVEUP_mean,         -nan
PREF_REPL_MOVEUP_stddev,         -nan
PREF_REPL_MOVEUP_total_mean,         -nan
PREF_REPL_MOVEUP_total_stddev,         -nan

PREF_COV_1_count,             0
PREF_COV_1_pct,         -nan
PREF_COV_1_total_count,             0
PREF_COV_1_total_pct,         -nan

PREF_COV_2_count,             0
PREF_COV_2_pct,         -nan
PREF_COV_2_total_count,             0
PREF_COV_2_total_pct,         -nan

PREF_COV_3_count,             0
PREF_COV_3_pct,         -nan
PREF_COV_3_total_count,             0
PREF_COV_3_total_pct,         -nan

PREF_COV_4_count,             0
PREF_COV_4_pct,         -nan
PREF_COV_4_total_count,             0
PREF_COV_4_total_pct,         -nan

PREF_COV_5_count,             0
PREF_COV_5_pct,         -nan
PREF_COV_5_total_count,             0
PREF_COV_5_total_pct,         -nan

PREF_COV_6_count,             0
PREF_COV_6_pct,         -nan
PREF_COV_6_total_count,             0
PREF_COV_6_total_pct,         -nan

PREF_COV_7_count,             0
PREF_COV_7_pct,         -nan
PREF_COV_7_total_count,             0
PREF_COV_7_total_pct,         -nan

PREF_COV_8_count,             0
PREF_COV_8_pct,         -nan
PREF_COV_8_total_count,             0
PREF_COV_8_total_pct,         -nan

PREF_COV_9_count,             0
PREF_COV_9_pct,         -nan
PREF_COV_9_total_count,             0
PREF_COV_9_total_pct,         -nan

PREF_COV_10_count,             0
PREF_COV_10_pct,         -nan
PREF_COV_10_total_count,             0
PREF_COV_10_total_pct,         -nan
PREF_COV_10_sum_count,             0
PREF_COV_10_sum_pct,         -nan
PREF_COV_10_sum_total_count,             0
PREF_COV_10_sum_total_pct,         -nan
PREF_COV_10_mean,         -nan
PREF_COV_10_stddev,         -nan
PREF_COV_10_total_mean,         -nan
PREF_COV_10_total_stddev,         -nan

PREF_POL_1_count,             0
PREF_POL_1_pct,        0.000
PREF_POL_1_total_count,             0
PREF_POL_1_total_pct,        0.000

PREF_POL_2_count,             0
PREF_POL_2_pct,        0.000
PREF_POL_2_total_count,             0
PREF_POL_2_total_pct,        0.000

PREF_POL_3_count,             0
PREF_POL_3_pct,        0.000
PREF_POL_3_total_count,             0
PREF_POL_3_total_pct,        0.000

PREF_POL_4_count,             0
PREF_POL_4_pct,        0.000
PREF_POL_4_total_count,             0
PREF_POL_4_total_pct,        0.000

PREF_POL_5_count,             0
PREF_POL_5_pct,        0.000
PREF_POL_5_total_count,             0
PREF_POL_5_total_pct,        0.000

PREF_POL_6_count,             0
PREF_POL_6_pct,        0.000
PREF_POL_6_total_count,             0
PREF_POL_6_total_pct,        0.000

PREF_POL_7_count,             0
PREF_POL_7_pct,        0.000
PREF_POL_7_total_count,             0
PREF_POL_7_total_pct,        0.000

PREF_POL_8_count,             0
PREF_POL_8_pct,        0.000
PREF_POL_8_total_count,             0
PREF_POL_8_total_pct,        0.000

PREF_POL_9_count,             0
PREF_POL_9_pct,        0.000
PREF_POL_9_total_count,             0
PREF_POL_9_total_pct,        0.000

PREF_POL_10_count,            10
PREF_POL_10_pct,      100.000
PREF_POL_10_total_count,            16
PREF_POL_10_total_pct,      100.000
PREF_POL_10_sum_count,            10
PREF_POL_10_sum_pct,      100.000
PREF_POL_10_sum_total_count,            16
PREF_POL_10_sum_total_pct,      100.000
PREF_POL_10_mean,         9.00
PREF_POL_10_stddev,         9.49
PREF_POL_10_total_mean,         9.00
PREF_POL_10_total_stddev,         9.30

PREF_ACC_1_count,            10
PREF_ACC_1_pct,      100.000
PREF_ACC_1_total_count,            16
PREF_ACC_1_total_pct,      100.000

PREF_ACC_2_count,             0
PREF_ACC_2_pct,        0.000
PREF_ACC_2_total_count,             0
PREF_ACC_2_total_pct,        0.000

PREF_ACC_3_count,             0
PREF_ACC_3_pct,        0.000
PREF_ACC_3_total_count,             0
PREF_ACC_3_total_pct,        0.000

PREF_ACC_4_count,             0
PREF_ACC_4_pct,        0.000
PREF_ACC_4_total_count,             0
PREF_ACC_4_total_pct,        0.000

PREF_ACC_5_count,             0
PREF_ACC_5_pct,        0.000
PREF_ACC_5_total_count,             0
PREF_ACC_5_total_pct,        0.000

PREF_ACC_6_count,             0
PREF_ACC_6_pct,        0.000
PREF_ACC_6_total_count,             0
PREF_ACC_6_total_pct,        0.000

PREF_ACC_7_count,             0
PREF_ACC_7_pct,        0.000
PREF_ACC_7_total_count,             0
PREF_ACC_7_total_pct,        0.000

PREF_ACC_8_count,             0
PREF_ACC_8_pct,        0.000
PREF_ACC_8_total_count,             0
PREF_ACC_8_total_pct,        0.000

PREF_ACC_9_count,             0
PREF_ACC_9_pct,        0.000
PREF_ACC_9_total_count,             0
PREF_ACC_9_total_pct,        0.000

PREF_ACC_10_count,             0
PREF_ACC_10_pct,        0.000
PREF_ACC_10_total_count,             0
PREF_ACC_10_total_pct,        0.000
PREF_ACC_10_sum_count,            10
PREF_ACC_10_sum_pct,      100.000
PREF_ACC_10_sum_total_count,            16
PREF_ACC_10_sum_total_pct,      100.000
PREF_ACC_10_mean,         0.00
PREF_ACC_10_stddev,         0.00
PREF_ACC_10_total_mean,         0.00
PREF_ACC_10_total_stddev,         0.00

PREF_TIMELY_1_count,             0
PREF_TIMELY_1_pct,        0.000
PREF_TIMELY_1_total_count,             0
PREF_TIMELY_1_total_pct,        0.000

PREF_TIMELY_2_count,             0
PREF_TIMELY_2_pct,        0.000
PREF_TIMELY_2_total_count,             0
PREF_TIMELY_2_total_pct,        0.000

PREF_TIMELY_3_count,             0
PREF_TIMELY_3_pct,        0.000
PREF_TIMELY_3_total_count,             0
PREF_TIMELY_3_total_pct,        0.000

PREF_TIMELY_4_count,             0
PREF_TIMELY_4_pct,        0.000
PREF_TIMELY_4_total_count,             0
PREF_TIMELY_4_total_pct,        0.000

PREF_TIMELY_5_count,             0
PREF_TIMELY_5_pct,        0.000
PREF_TIMELY_5_total_count,             0
PREF_TIMELY_5_total_pct,        0.000

PREF_TIMELY_6_count,             0
PREF_TIMELY_6_pct,        0.000
PREF_TIMELY_6_total_count,             0
PREF_TIMELY_6_total_pct,        0.000

PREF_TIMELY_7_count,             0
PREF_TIMELY_7_pct,        0.000
PREF_TIMELY_7_total_count,             0
PREF_TIMELY_7_total_pct,        0.000

PREF_TIMELY_8_count,             0
PREF_TIMELY_8_pct,        0.000
PREF_TIMELY_8_total_count,             0
PREF_TIMELY_8_total_pct,        0.000

PREF_TIMELY_9_count,             0
PREF_TIMELY_9_pct,        0.000
PREF_TIMELY_9_total_count,             0
PREF_TIMELY_9_total_pct,        0.000

PREF_TIMELY_10_count,            10
PREF_TIMELY_10_pct,      100.000
PREF_TIMELY_10_total_count,            16
PREF_TIMELY_10_total_pct,      100.000
PREF_TIMELY_10_sum_count,            10
PREF_TIMELY_10_sum_pct,      100.000
PREF_TIMELY_10_sum_total_count,            16
PREF_TIMELY_10_sum_total_pct,      100.000
PREF_TIMELY_10_mean,         9.00
PREF_TIMELY_10_stddev,         9.49
PREF_TIMELY_10_total_mean,         9.00
PREF_TIMELY_10_total_stddev,         9.30

PREF_UNUSED_EVICT_count,           111
PREF_UNUSED_EVICT_total_count,           289

PREF_REGION_SENT_count,             0
PREF_REGION_SENT_total_count,             0

PREF_REGION_USEFUL_count,             0
PREF_REGION_USEFUL_total_count,             0

PREF_REGION_EVICT_count,             0
PREF_REGION_EVICT_total_count,             0

PREF_PFPOL_count,             0
PREF_PFPOL_total_count,             0

PREF_PHASE_NEWPHASE_DET_count,             0
PREF_PHASE_NEWPHASE_DET_total_count,             0

PREF_PHASE_NEWPHASE_NOTVALID_count,             0
PREF_PHASE_NEWPHASE_NOTVALID_total_count,             0

PREF_PHASE_SENTPREF_count,             0
PREF_PHASE_SENTPREF_total_count,             0

PREF_PHASE_OVERWRITE_PAGE_count,             0
PREF_PHASE_OVERWRITE_PAGE_total_count,             0

PREF_UPDATE_COUNT_count,            10
PREF_UPDATE_COUNT_total_count,            16

PREF_ACC1_HT_HP_count,             0
PREF_ACC1_HT_HP_pct,        0.000
PREF_ACC1_HT_HP_total_count,             0
PREF_ACC1_HT_HP_total_pct,        0.000

PREF_ACC1_HT_LP_count,            10
PREF_ACC1_HT_LP_pct,      100.000
PREF_ACC1_HT_LP_total_count,            16
PREF_ACC1_HT_LP_total_pct,      100.000

PREF_ACC1_LT_HP_count,             0
PREF_ACC1_LT_HP_pct,        0.000
PREF_ACC1_LT_HP_total_count,             0
PREF_ACC1_LT_HP_total_pct,        0.000

PREF_ACC1_LT_LP_count,             0
PREF_ACC1_LT_LP_pct,        0.000
PREF_ACC1_LT_LP_total_count,             0
PREF_ACC1_LT_LP_total_pct,        0.000

PREF_ACC2_HT_HP_count,             0
PREF_ACC2_HT_HP_pct,        0.000
PREF_ACC2_HT_HP_total_count,             0
PREF_ACC2_HT_HP_total_pct,        0.000

PREF_ACC2_HT_LP_count,             0
PREF_ACC2_HT_LP_pct,        0.000
PREF_ACC2_HT_LP_total_count,             0
PREF_ACC2_HT_LP_total_pct,        0.000

PREF_ACC2_LT_HP_count,             0
PREF_ACC2_LT_HP_pct,        0.000
PREF_ACC2_LT_HP_total_count,             0
PREF_ACC2_LT_HP_total_pct,        0.000

PREF_ACC2_LT_LP_count,             0
PREF_ACC2_LT_LP_pct,        0.000
PREF_ACC2_LT_LP_total_count,             0
PREF_ACC2_LT_LP_total_pct,        0.000

PREF_ACC3_HT_HP_count,             0
PREF_ACC3_HT_HP_pct,        0.000
PREF_ACC3_HT_HP_total_count,             0
PREF_ACC3_HT_HP_total_pct,        0.000

PREF_ACC3_HT_LP_count,             0
PREF_ACC3_HT_LP_pct,        0.000
PREF_ACC3_HT_LP_total_count,             0
PREF_ACC3_HT_LP_total_pct,        0.000

PREF_ACC3_LT_HP_count,             0
PREF_ACC3_LT_HP_pct,        0.000
PREF_ACC3_LT_HP_total_count,             0
PREF_ACC3_LT_HP_total_pct,        0.000

PREF_ACC3_LT_LP_count,             0
PREF_ACC3_LT_LP_pct,        0.000
PREF_ACC3_LT_LP_total_count,             0
PREF_ACC3_LT_LP_total_pct,        0.000

PREF_ACC4_HT_HP_count,             0
PREF_ACC4_HT_HP_pct,        0.000
PREF_ACC4_HT_HP_total_count,             0
PREF_ACC4_HT_HP_total_pct,        0.000

PREF_ACC4_HT_LP_count,             0
PREF_ACC4_HT_LP_pct,        0.000
PREF_ACC4_HT_LP_total_count,             0
PREF_ACC4_HT_LP_total_pct,        0.000

PREF_ACC4_LT_HP_count,             0
PREF_ACC4_LT_HP_pct,        0.000
PREF_ACC4_LT_HP_total_count,             0
PREF_ACC4_LT_HP_total_pct,        0.000

PREF_ACC4_LT_LP_count,             0
PREF_ACC4_LT_LP_pct,        0.000
PREF_ACC4_LT_LP_total_count,             0
PREF_ACC4_LT_LP_total_pct,        0.000
PREF_ACC4_LT_LP_sum_count,            10
PREF_ACC4_LT_LP_sum_pct,      100.000
PREF_ACC4_LT_LP_sum_total_count,            16
PREF_ACC4_LT_LP_sum_total_pct,      100.000
PREF_ACC4_LT_LP_mean,         1.00
PREF_ACC4_LT_LP_stddev,         0.00
PREF_ACC4_LT_LP_total_mean,         1.00
PREF_ACC4_LT_LP_total_stddev,         0.00

FDIP_DECIDE_PREF_ONPATH_count,       1771927
FDIP_DECIDE_PREF_ONPATH_total_count,       3549759

FDIP_DECIDE_PREF_OFFPATH_count,       9426494
FDIP_DECIDE_PREF_OFFPATH_total_count,      18900000

FDIP_NEW_PREFETCHES_ONPATH_count,             0
FDIP_NEW_PREFETCHES_ONPATH_total_count,             5

FDIP_NEW_PREFETCHES_OFFPATH_count,             0
FDIP_NEW_PREFETCHES_OFFPATH_total_count,           167

FDIP_PREF_ICACHE_PROBE_HIT_ONPATH_count,       1771927
FDIP_PREF_ICACHE_PROBE_HIT_ONPATH_total_count,       3549748

FDIP_PREF_ICACHE_PROBE_HIT_OFFPATH_count,       9426494
FDIP_PREF_ICACHE_PROBE_HIT_OFFPATH_total_count,      18899724

FDIP_PREF_MSHR_PROBE_HIT_ONPATH_count,             0
FDIP_PREF_MSHR_PROBE_HIT_ONPATH_total_count,             5

FDIP_PREF_MSHR_PROBE_HIT_OFFPATH_count,             0
FDIP_PREF_MSHR_PROBE_HIT_OFFPATH_total_count,           107

FDIP_PREF_FAILED_ONPATH_count,             0
FDIP_PREF_FAILED_ONPATH_total_count,             1

FDIP_PREF_FAILED_OFFPATH_count,             0
FDIP_PREF_FAILED_OFFPATH_total_count,             2

FDIP_ATTEMPTED_PREF_ONPATH_count,       1771927
FDIP_ATTEMPTED_PREF_ONPATH_total_count,       3549759

FDIP_ATTEMPTED_PREF_OFFPATH_count,       9426494
FDIP_ATTEMPTED_PREF_OFFPATH_total_count,      18900649

FDIP_ALT_PATH_PREFETCHES_IC_EMITTED_count,             0
FDIP_ALT_PATH_PREFETCHES_IC_EMITTED_total_count,             0

FDIP_ALT_PATH_PREFETCHES_IC_TRIGGERED_count,             0
FDIP_ALT_PATH_PREFETCHES_IC_TRIGGERED_total_count,             0

FDIP_ALT_PATH_PREFETCHES_UOC_EMITTED_OFF_PATH_count,             0
FDIP_ALT_PATH_PREFETCHES_UOC_EMITTED_OFF_PATH_pct,         -nan
FDIP_ALT_PATH_PREFETCHES_UOC_EMITTED_OFF_PATH_total_count,             0
FDIP_ALT_PATH_PREFETCHES_UOC_EMITTED_OFF_PATH_total_pct,         -nan

FDIP_ALT_PATH_PREFETCHES_UOC_EMITTED_ON_PATH_count,             0
FDIP_ALT_PATH_PREFETCHES_UOC_EMITTED_ON_PATH_pct,         -nan
FDIP_ALT_PATH_PREFETCHES_UOC_EMITTED_ON_PATH_total_count,             0
FDIP_ALT_PATH_PREFETCHES_UOC_EMITTED_ON_PATH_total_pct,         -nan
FDIP_ALT_PATH_PREFETCHES_UOC_EMITTED_ON_PATH_sum_count,             0
FDIP_ALT_PATH_PREFETCHES_UOC_EMITTED_ON_PATH_sum_pct,         -nan
FDIP_ALT_PATH_PREFETCHES_UOC_EMITTED_ON_PATH_sum_total_count,             0
FDIP_ALT_PATH_PREFETCHES_UOC_EMITTED_ON_PATH_sum_total_pct,         -nan
FDIP_ALT_PATH_PREFETCHES_UOC_EMITTED_ON_PATH_mean,         -nan
FDIP_ALT_PATH_PREFETCHES_UOC_EMITTED_ON_PATH_stddev,         -nan
FDIP_ALT_PATH_PREFETCHES_UOC_EMITTED_ON_PATH_total_mean,         -nan
FDIP_ALT_PATH_PREFETCHES_UOC_EMITTED_ON_PATH_total_stddev,         -nan

FDIP_ALT_PATH_PREFETCHES_UOC_TRIGGERED_count,             0
FDIP_ALT_PATH_PREFETCHES_UOC_TRIGGERED_total_count,             0

FDIP_BREAK_REACH_FTQ_END_count,       8987262
FDIP_BREAK_REACH_FTQ_END_pct,       75.355
FDIP_BREAK_REACH_FTQ_END_total_count,      18414074
FDIP_BREAK_REACH_FTQ_END_total_pct,       75.911

FDIP_BREAK_FTQ_EMPTY_count,            21
FDIP_BREAK_FTQ_EMPTY_pct,        0.000
FDIP_BREAK_FTQ_EMPTY_total_count,            21
FDIP_BREAK_FTQ_EMPTY_total_pct,        0.000

FDIP_BREAK_MAX_FTQ_ENTRY_CYC_count,       2939292
FDIP_BREAK_MAX_FTQ_ENTRY_CYC_pct,       24.645
FDIP_BREAK_MAX_FTQ_ENTRY_CYC_total_count,       5842707
FDIP_BREAK_MAX_FTQ_ENTRY_CYC_total_pct,       24.086

FDIP_BREAK_FULL_MEM_REQ_BUF_count,             0
FDIP_BREAK_FULL_MEM_REQ_BUF_pct,        0.000
FDIP_BREAK_FULL_MEM_REQ_BUF_total_count,           649
FDIP_BREAK_FULL_MEM_REQ_BUF_total_pct,        0.003
FDIP_BREAK_FULL_MEM_REQ_BUF_sum_count,      11926575
FDIP_BREAK_FULL_MEM_REQ_BUF_sum_pct,      100.000
FDIP_BREAK_FULL_MEM_REQ_BUF_sum_total_count,      24257451
FDIP_BREAK_FULL_MEM_REQ_BUF_sum_total_pct,      100.000
FDIP_BREAK_FULL_MEM_REQ_BUF_mean,         0.49
FDIP_BREAK_FULL_MEM_REQ_BUF_stddev,         0.75
FDIP_BREAK_FULL_MEM_REQ_BUF_total_mean,         0.48
FDIP_BREAK_FULL_MEM_REQ_BUF_total_stddev,         0.75

FDIP_CYCLE_COUNT_count,             0
FDIP_CYCLE_COUNT_total_count,             0

ICACHE_USEFUL_FETCHES_count,             0
ICACHE_USEFUL_FETCHES_total_count,            13

USEFUL_CACHELINES_RETIRED_count,             0
USEFUL_CACHELINES_RETIRED_total_count,             0

ICACHE_UNUSEFUL_FETCHES_count,             0
ICACHE_UNUSEFUL_FETCHES_total_count,             0

UNIQUE_MISSED_LINES_count,             0
UNIQUE_MISSED_LINES_total_count,            13

UNIQUE_HIT_LINES_count,             0
UNIQUE_HIT_LINES_total_count,             0

UNIQUE_PREFETCHED_LINES_count,             0
UNIQUE_PREFETCHED_LINES_total_count,             0

FDIP_BTB_MISS_NT_RESTEER_ONPATH_count,             0
FDIP_BTB_MISS_NT_RESTEER_ONPATH_total_count,           126

FDIP_BTB_MISS_NT_RESTEER_OFFPATH_count,             0
FDIP_BTB_MISS_NT_RESTEER_OFFPATH_total_count,           187

FDIP_UTILITY_HASH_HIT_count,             0
FDIP_UTILITY_HASH_HIT_pct,         -nan
FDIP_UTILITY_HASH_HIT_total_count,             0
FDIP_UTILITY_HASH_HIT_total_pct,         -nan

FDIP_UTILITY_HASH_MISS_count,             0
FDIP_UTILITY_HASH_MISS_pct,         -nan
FDIP_UTILITY_HASH_MISS_total_count,             0
FDIP_UTILITY_HASH_MISS_total_pct,         -nan
FDIP_UTILITY_HASH_MISS_sum_count,             0
FDIP_UTILITY_HASH_MISS_sum_pct,         -nan
FDIP_UTILITY_HASH_MISS_sum_total_count,             0
FDIP_UTILITY_HASH_MISS_sum_total_pct,         -nan
FDIP_UTILITY_HASH_MISS_mean,         -nan
FDIP_UTILITY_HASH_MISS_stddev,         -nan
FDIP_UTILITY_HASH_MISS_total_mean,         -nan
FDIP_UTILITY_HASH_MISS_total_stddev,         -nan

FDIP_UC_HIT_count,             0
FDIP_UC_HIT_pct,         -nan
FDIP_UC_HIT_total_count,             0
FDIP_UC_HIT_total_pct,         -nan

FDIP_UC_MISS_count,             0
FDIP_UC_MISS_pct,         -nan
FDIP_UC_MISS_total_count,             0
FDIP_UC_MISS_total_pct,         -nan
FDIP_UC_MISS_sum_count,             0
FDIP_UC_MISS_sum_pct,         -nan
FDIP_UC_MISS_sum_total_count,             0
FDIP_UC_MISS_sum_total_pct,         -nan
FDIP_UC_MISS_mean,         -nan
FDIP_UC_MISS_stddev,         -nan
FDIP_UC_MISS_total_mean,         -nan
FDIP_UC_MISS_total_stddev,         -nan

FDIP_UC_USEFUL_LINES_count,             0
FDIP_UC_USEFUL_LINES_total_count,             0

FDIP_UC_REPLACEMENT_count,             0
FDIP_UC_REPLACEMENT_total_count,             0

FDIP_BLOOM_HIT_count,             0
FDIP_BLOOM_HIT_pct,         -nan
FDIP_BLOOM_HIT_total_count,             0
FDIP_BLOOM_HIT_total_pct,         -nan

FDIP_BLOOM_MISS_count,             0
FDIP_BLOOM_MISS_pct,         -nan
FDIP_BLOOM_MISS_total_count,             0
FDIP_BLOOM_MISS_total_pct,         -nan
FDIP_BLOOM_MISS_sum_count,             0
FDIP_BLOOM_MISS_sum_pct,         -nan
FDIP_BLOOM_MISS_sum_total_count,             0
FDIP_BLOOM_MISS_sum_total_pct,         -nan
FDIP_BLOOM_MISS_mean,         -nan
FDIP_BLOOM_MISS_stddev,         -nan
FDIP_BLOOM_MISS_total_mean,         -nan
FDIP_BLOOM_MISS_total_stddev,         -nan

FDIP_BLOOM_INSERTED_count,             0
FDIP_BLOOM_INSERTED_total_count,             0

FDIP_BLOOM_CLEAR1_count,             0
FDIP_BLOOM_CLEAR1_total_count,             0

FDIP_BLOOM_CLEAR2_count,             0
FDIP_BLOOM_CLEAR2_total_count,             0

FDIP_BLOOM_CLEAR4_count,             0
FDIP_BLOOM_CLEAR4_total_count,             0

FDIP_BLOOM_1STREAM_count,             0
FDIP_BLOOM_1STREAM_total_count,             0

FDIP_BLOOM_2STREAM_count,             0
FDIP_BLOOM_2STREAM_total_count,             0

FDIP_BLOOM_3STREAM_count,             0
FDIP_BLOOM_3STREAM_total_count,             0

FDIP_BLOOM_4STREAM_count,             0
FDIP_BLOOM_4STREAM_total_count,             0

FDIP_BLOOM_5STREAM_count,             0
FDIP_BLOOM_5STREAM_total_count,             0

FDIP_BLOOM_6STREAM_count,             0
FDIP_BLOOM_6STREAM_total_count,             0

FDIP_BLOOM_7STREAM_count,             0
FDIP_BLOOM_7STREAM_total_count,             0

FDIP_BLOOM_8STREAM_count,             0
FDIP_BLOOM_8STREAM_total_count,             0

FDIP_BLOOM_1INSERT_count,             0
FDIP_BLOOM_1INSERT_total_count,             0

FDIP_BLOOM_2INSERT_count,             0
FDIP_BLOOM_2INSERT_total_count,             0

FDIP_BLOOM_4INSERT_count,             0
FDIP_BLOOM_4INSERT_total_count,             0

FDIP_BLOOM_NOSTREAM_count,             0
FDIP_BLOOM_NOSTREAM_total_count,             0

FDIP_AVG_FTQ_OCCUPANCY_OPS_count,           217
FDIP_AVG_FTQ_OCCUPANCY_OPS_total_count,           217

FDIP_AVG_FTQ_OCCUPANCY_count,            21
FDIP_AVG_FTQ_OCCUPANCY_total_count,            21

FDIP_FTQ_OCCUPANCY_OPS_ACCUMULATED_count,    2586723051
FDIP_FTQ_OCCUPANCY_OPS_ACCUMULATED_total_count,    5269412312

FDIP_FTQ_OCCUPANCY_BLOCKS_ACCUMULATED_count,     254163437
FDIP_FTQ_OCCUPANCY_BLOCKS_ACCUMULATED_total_count,     521121387

FDIP_TRAINING_SAMPLE_count,             0
FDIP_TRAINING_SAMPLE_total_count,             0

FDIP_SENIORITY_FTQ_ACCUMULATED_count,             0
FDIP_SENIORITY_FTQ_ACCUMULATED_total_count,             0

FDIP_SENIORITY_FTQ_HIT_count,             0
FDIP_SENIORITY_FTQ_HIT_total_count,             0

FDIP_SENIORITY_FTQ_MISS_count,             0
FDIP_SENIORITY_FTQ_MISS_total_count,             0

FDIP_UFTQ_STAY_SAME_FTQ_NUM_count,             0
FDIP_UFTQ_STAY_SAME_FTQ_NUM_pct,         -nan
FDIP_UFTQ_STAY_SAME_FTQ_NUM_total_count,             0
FDIP_UFTQ_STAY_SAME_FTQ_NUM_total_pct,         -nan

FDIP_UFTQ_DEC_FTQ_NUM_count,             0
FDIP_UFTQ_DEC_FTQ_NUM_pct,         -nan
FDIP_UFTQ_DEC_FTQ_NUM_total_count,             0
FDIP_UFTQ_DEC_FTQ_NUM_total_pct,         -nan

FDIP_UFTQ_INC_FTQ_NUM_count,             0
FDIP_UFTQ_INC_FTQ_NUM_pct,         -nan
FDIP_UFTQ_INC_FTQ_NUM_total_count,             0
FDIP_UFTQ_INC_FTQ_NUM_total_pct,         -nan
FDIP_UFTQ_INC_FTQ_NUM_sum_count,             0
FDIP_UFTQ_INC_FTQ_NUM_sum_pct,         -nan
FDIP_UFTQ_INC_FTQ_NUM_sum_total_count,             0
FDIP_UFTQ_INC_FTQ_NUM_sum_total_pct,         -nan
FDIP_UFTQ_INC_FTQ_NUM_mean,         -nan
FDIP_UFTQ_INC_FTQ_NUM_stddev,         -nan
FDIP_UFTQ_INC_FTQ_NUM_total_mean,         -nan
FDIP_UFTQ_INC_FTQ_NUM_total_stddev,         -nan

FDIP_OFF_CONF_ON_PREF_CANDIDATES_count,             0
FDIP_OFF_CONF_ON_PREF_CANDIDATES_pct,         -nan
FDIP_OFF_CONF_ON_PREF_CANDIDATES_total_count,             0
FDIP_OFF_CONF_ON_PREF_CANDIDATES_total_pct,         -nan

FDIP_OFF_CONF_OFF_PREF_CANDIDATES_count,             0
FDIP_OFF_CONF_OFF_PREF_CANDIDATES_pct,         -nan
FDIP_OFF_CONF_OFF_PREF_CANDIDATES_total_count,             0
FDIP_OFF_CONF_OFF_PREF_CANDIDATES_total_pct,         -nan

FDIP_ON_CONF_ON_PREF_CANDIDATES_count,             0
FDIP_ON_CONF_ON_PREF_CANDIDATES_pct,         -nan
FDIP_ON_CONF_ON_PREF_CANDIDATES_total_count,             0
FDIP_ON_CONF_ON_PREF_CANDIDATES_total_pct,         -nan

FDIP_ON_CONF_OFF_PREF_CANDIDATES_count,             0
FDIP_ON_CONF_OFF_PREF_CANDIDATES_pct,         -nan
FDIP_ON_CONF_OFF_PREF_CANDIDATES_total_count,             0
FDIP_ON_CONF_OFF_PREF_CANDIDATES_total_pct,         -nan
FDIP_ON_CONF_OFF_PREF_CANDIDATES_sum_count,             0
FDIP_ON_CONF_OFF_PREF_CANDIDATES_sum_pct,         -nan
FDIP_ON_CONF_OFF_PREF_CANDIDATES_sum_total_count,             0
FDIP_ON_CONF_OFF_PREF_CANDIDATES_sum_total_pct,         -nan
FDIP_ON_CONF_OFF_PREF_CANDIDATES_mean,         -nan
FDIP_ON_CONF_OFF_PREF_CANDIDATES_stddev,         -nan
FDIP_ON_CONF_OFF_PREF_CANDIDATES_total_mean,         -nan
FDIP_ON_CONF_OFF_PREF_CANDIDATES_total_stddev,         -nan

FDIP_ON_CONF_ON_EMITTED_count,             0
FDIP_ON_CONF_ON_EMITTED_pct,         -nan
FDIP_ON_CONF_ON_EMITTED_total_count,             0
FDIP_ON_CONF_ON_EMITTED_total_pct,         -nan

FDIP_ON_CONF_OFF_EMITTED_count,             0
FDIP_ON_CONF_OFF_EMITTED_pct,         -nan
FDIP_ON_CONF_OFF_EMITTED_total_count,             0
FDIP_ON_CONF_OFF_EMITTED_total_pct,         -nan

FDIP_OFF_CONF_ON_EMITTED_count,             0
FDIP_OFF_CONF_ON_EMITTED_pct,         -nan
FDIP_OFF_CONF_ON_EMITTED_total_count,             0
FDIP_OFF_CONF_ON_EMITTED_total_pct,         -nan

FDIP_OFF_CONF_OFF_EMITTED_count,             0
FDIP_OFF_CONF_OFF_EMITTED_pct,         -nan
FDIP_OFF_CONF_OFF_EMITTED_total_count,             0
FDIP_OFF_CONF_OFF_EMITTED_total_pct,         -nan
FDIP_OFF_CONF_OFF_EMITTED_sum_count,             0
FDIP_OFF_CONF_OFF_EMITTED_sum_pct,         -nan
FDIP_OFF_CONF_OFF_EMITTED_sum_total_count,             0
FDIP_OFF_CONF_OFF_EMITTED_sum_total_pct,         -nan
FDIP_OFF_CONF_OFF_EMITTED_mean,         -nan
FDIP_OFF_CONF_OFF_EMITTED_stddev,         -nan
FDIP_OFF_CONF_OFF_EMITTED_total_mean,         -nan
FDIP_OFF_CONF_OFF_EMITTED_total_stddev,         -nan

FDIP_OFF_CONF_ON_NUM_EVENTS_count,             0
FDIP_OFF_CONF_ON_NUM_EVENTS_total_count,             0

FDIP_OFF_CONF_ON_BTB_MISS_count,             0
FDIP_OFF_CONF_ON_BTB_MISS_pct,         -nan
FDIP_OFF_CONF_ON_BTB_MISS_total_count,             0
FDIP_OFF_CONF_ON_BTB_MISS_total_pct,         -nan

FDIP_OFF_CONF_ON_BP_INCORRECT_count,             0
FDIP_OFF_CONF_ON_BP_INCORRECT_pct,         -nan
FDIP_OFF_CONF_ON_BP_INCORRECT_total_count,             0
FDIP_OFF_CONF_ON_BP_INCORRECT_total_pct,         -nan

FDIP_OFF_CONF_ON_MISFETCH_count,             0
FDIP_OFF_CONF_ON_MISFETCH_pct,         -nan
FDIP_OFF_CONF_ON_MISFETCH_total_count,             0
FDIP_OFF_CONF_ON_MISFETCH_total_pct,         -nan

FDIP_OFF_CONF_ON_NO_TARGET_count,             0
FDIP_OFF_CONF_ON_NO_TARGET_pct,         -nan
FDIP_OFF_CONF_ON_NO_TARGET_total_count,             0
FDIP_OFF_CONF_ON_NO_TARGET_total_pct,         -nan
FDIP_OFF_CONF_ON_NO_TARGET_sum_count,             0
FDIP_OFF_CONF_ON_NO_TARGET_sum_pct,         -nan
FDIP_OFF_CONF_ON_NO_TARGET_sum_total_count,             0
FDIP_OFF_CONF_ON_NO_TARGET_sum_total_pct,         -nan
FDIP_OFF_CONF_ON_NO_TARGET_mean,         -nan
FDIP_OFF_CONF_ON_NO_TARGET_stddev,         -nan
FDIP_OFF_CONF_ON_NO_TARGET_total_mean,         -nan
FDIP_OFF_CONF_ON_NO_TARGET_total_stddev,         -nan

FDIP_OFF_CONF_ON_BTB_MISS_PREF_CANDIDATES_count,             0
FDIP_OFF_CONF_ON_BTB_MISS_PREF_CANDIDATES_pct,         -nan
FDIP_OFF_CONF_ON_BTB_MISS_PREF_CANDIDATES_total_count,             0
FDIP_OFF_CONF_ON_BTB_MISS_PREF_CANDIDATES_total_pct,         -nan

FDIP_OFF_CONF_ON_BP_INCORRECT_PREF_CANDIDATES_count,             0
FDIP_OFF_CONF_ON_BP_INCORRECT_PREF_CANDIDATES_pct,         -nan
FDIP_OFF_CONF_ON_BP_INCORRECT_PREF_CANDIDATES_total_count,             0
FDIP_OFF_CONF_ON_BP_INCORRECT_PREF_CANDIDATES_total_pct,         -nan

FDIP_OFF_CONF_ON_MISFETCH_PREF_CANDIDATES_count,             0
FDIP_OFF_CONF_ON_MISFETCH_PREF_CANDIDATES_pct,         -nan
FDIP_OFF_CONF_ON_MISFETCH_PREF_CANDIDATES_total_count,             0
FDIP_OFF_CONF_ON_MISFETCH_PREF_CANDIDATES_total_pct,         -nan

FDIP_OFF_CONF_ON_NO_TARGET_PREF_CANDIDATES_count,             0
FDIP_OFF_CONF_ON_NO_TARGET_PREF_CANDIDATES_pct,         -nan
FDIP_OFF_CONF_ON_NO_TARGET_PREF_CANDIDATES_total_count,             0
FDIP_OFF_CONF_ON_NO_TARGET_PREF_CANDIDATES_total_pct,         -nan
FDIP_OFF_CONF_ON_NO_TARGET_PREF_CANDIDATES_sum_count,             0
FDIP_OFF_CONF_ON_NO_TARGET_PREF_CANDIDATES_sum_pct,         -nan
FDIP_OFF_CONF_ON_NO_TARGET_PREF_CANDIDATES_sum_total_count,             0
FDIP_OFF_CONF_ON_NO_TARGET_PREF_CANDIDATES_sum_total_pct,         -nan
FDIP_OFF_CONF_ON_NO_TARGET_PREF_CANDIDATES_mean,         -nan
FDIP_OFF_CONF_ON_NO_TARGET_PREF_CANDIDATES_stddev,         -nan
FDIP_OFF_CONF_ON_NO_TARGET_PREF_CANDIDATES_total_mean,         -nan
FDIP_OFF_CONF_ON_NO_TARGET_PREF_CANDIDATES_total_stddev,         -nan

FDIP_OFF_CONF_ON_BTB_MISS_EMITTED_count,             0
FDIP_OFF_CONF_ON_BTB_MISS_EMITTED_pct,         -nan
FDIP_OFF_CONF_ON_BTB_MISS_EMITTED_total_count,             0
FDIP_OFF_CONF_ON_BTB_MISS_EMITTED_total_pct,         -nan

FDIP_OFF_CONF_ON_BP_INCORRECT_EMITTED_count,             0
FDIP_OFF_CONF_ON_BP_INCORRECT_EMITTED_pct,         -nan
FDIP_OFF_CONF_ON_BP_INCORRECT_EMITTED_total_count,             0
FDIP_OFF_CONF_ON_BP_INCORRECT_EMITTED_total_pct,         -nan

FDIP_OFF_CONF_ON_MISFETCH_EMITTED_count,             0
FDIP_OFF_CONF_ON_MISFETCH_EMITTED_pct,         -nan
FDIP_OFF_CONF_ON_MISFETCH_EMITTED_total_count,             0
FDIP_OFF_CONF_ON_MISFETCH_EMITTED_total_pct,         -nan

FDIP_OFF_CONF_ON_NO_TARGET_EMITTED_count,             0
FDIP_OFF_CONF_ON_NO_TARGET_EMITTED_pct,         -nan
FDIP_OFF_CONF_ON_NO_TARGET_EMITTED_total_count,             0
FDIP_OFF_CONF_ON_NO_TARGET_EMITTED_total_pct,         -nan
FDIP_OFF_CONF_ON_NO_TARGET_EMITTED_sum_count,             0
FDIP_OFF_CONF_ON_NO_TARGET_EMITTED_sum_pct,         -nan
FDIP_OFF_CONF_ON_NO_TARGET_EMITTED_sum_total_count,             0
FDIP_OFF_CONF_ON_NO_TARGET_EMITTED_sum_total_pct,         -nan
FDIP_OFF_CONF_ON_NO_TARGET_EMITTED_mean,         -nan
FDIP_OFF_CONF_ON_NO_TARGET_EMITTED_stddev,         -nan
FDIP_OFF_CONF_ON_NO_TARGET_EMITTED_total_mean,         -nan
FDIP_OFF_CONF_ON_NO_TARGET_EMITTED_total_stddev,         -nan

FDIP_OFF_CONF_ON_BP_INCORRECT_0_CONF_count,             0
FDIP_OFF_CONF_ON_BP_INCORRECT_0_CONF_pct,         -nan
FDIP_OFF_CONF_ON_BP_INCORRECT_0_CONF_total_count,             0
FDIP_OFF_CONF_ON_BP_INCORRECT_0_CONF_total_pct,         -nan

FDIP_OFF_CONF_ON_BP_INCORRECT_1_CONF_count,             0
FDIP_OFF_CONF_ON_BP_INCORRECT_1_CONF_pct,         -nan
FDIP_OFF_CONF_ON_BP_INCORRECT_1_CONF_total_count,             0
FDIP_OFF_CONF_ON_BP_INCORRECT_1_CONF_total_pct,         -nan

FDIP_OFF_CONF_ON_BP_INCORRECT_2_CONF_count,             0
FDIP_OFF_CONF_ON_BP_INCORRECT_2_CONF_pct,         -nan
FDIP_OFF_CONF_ON_BP_INCORRECT_2_CONF_total_count,             0
FDIP_OFF_CONF_ON_BP_INCORRECT_2_CONF_total_pct,         -nan

FDIP_OFF_CONF_ON_BP_INCORRECT_3_CONF_count,             0
FDIP_OFF_CONF_ON_BP_INCORRECT_3_CONF_pct,         -nan
FDIP_OFF_CONF_ON_BP_INCORRECT_3_CONF_total_count,             0
FDIP_OFF_CONF_ON_BP_INCORRECT_3_CONF_total_pct,         -nan
FDIP_OFF_CONF_ON_BP_INCORRECT_3_CONF_sum_count,             0
FDIP_OFF_CONF_ON_BP_INCORRECT_3_CONF_sum_pct,         -nan
FDIP_OFF_CONF_ON_BP_INCORRECT_3_CONF_sum_total_count,             0
FDIP_OFF_CONF_ON_BP_INCORRECT_3_CONF_sum_total_pct,         -nan
FDIP_OFF_CONF_ON_BP_INCORRECT_3_CONF_mean,         -nan
FDIP_OFF_CONF_ON_BP_INCORRECT_3_CONF_stddev,         -nan
FDIP_OFF_CONF_ON_BP_INCORRECT_3_CONF_total_mean,         -nan
FDIP_OFF_CONF_ON_BP_INCORRECT_3_CONF_total_stddev,         -nan

FDIP_OFF_CONF_ON_BTB_MISS_CBR_0_CONF_count,             0
FDIP_OFF_CONF_ON_BTB_MISS_CBR_0_CONF_pct,         -nan
FDIP_OFF_CONF_ON_BTB_MISS_CBR_0_CONF_total_count,             0
FDIP_OFF_CONF_ON_BTB_MISS_CBR_0_CONF_total_pct,         -nan

FDIP_OFF_CONF_ON_BTB_MISS_CBR_1_CONF_count,             0
FDIP_OFF_CONF_ON_BTB_MISS_CBR_1_CONF_pct,         -nan
FDIP_OFF_CONF_ON_BTB_MISS_CBR_1_CONF_total_count,             0
FDIP_OFF_CONF_ON_BTB_MISS_CBR_1_CONF_total_pct,         -nan

FDIP_OFF_CONF_ON_BTB_MISS_CBR_2_CONF_count,             0
FDIP_OFF_CONF_ON_BTB_MISS_CBR_2_CONF_pct,         -nan
FDIP_OFF_CONF_ON_BTB_MISS_CBR_2_CONF_total_count,             0
FDIP_OFF_CONF_ON_BTB_MISS_CBR_2_CONF_total_pct,         -nan

FDIP_OFF_CONF_ON_BTB_MISS_CBR_3_CONF_count,             0
FDIP_OFF_CONF_ON_BTB_MISS_CBR_3_CONF_pct,         -nan
FDIP_OFF_CONF_ON_BTB_MISS_CBR_3_CONF_total_count,             0
FDIP_OFF_CONF_ON_BTB_MISS_CBR_3_CONF_total_pct,         -nan
FDIP_OFF_CONF_ON_BTB_MISS_CBR_3_CONF_sum_count,             0
FDIP_OFF_CONF_ON_BTB_MISS_CBR_3_CONF_sum_pct,         -nan
FDIP_OFF_CONF_ON_BTB_MISS_CBR_3_CONF_sum_total_count,             0
FDIP_OFF_CONF_ON_BTB_MISS_CBR_3_CONF_sum_total_pct,         -nan
FDIP_OFF_CONF_ON_BTB_MISS_CBR_3_CONF_mean,         -nan
FDIP_OFF_CONF_ON_BTB_MISS_CBR_3_CONF_stddev,         -nan
FDIP_OFF_CONF_ON_BTB_MISS_CBR_3_CONF_total_mean,         -nan
FDIP_OFF_CONF_ON_BTB_MISS_CBR_3_CONF_total_stddev,         -nan

FDIP_OFF_CONF_ON_BTB_MISS_NOT_CF_count,             0
FDIP_OFF_CONF_ON_BTB_MISS_NOT_CF_pct,         -nan
FDIP_OFF_CONF_ON_BTB_MISS_NOT_CF_total_count,             0
FDIP_OFF_CONF_ON_BTB_MISS_NOT_CF_total_pct,         -nan

FDIP_OFF_CONF_ON_BTB_MISS_CF_BR_count,             0
FDIP_OFF_CONF_ON_BTB_MISS_CF_BR_pct,         -nan
FDIP_OFF_CONF_ON_BTB_MISS_CF_BR_total_count,             0
FDIP_OFF_CONF_ON_BTB_MISS_CF_BR_total_pct,         -nan

FDIP_OFF_CONF_ON_BTB_MISS_CF_CBR_count,             0
FDIP_OFF_CONF_ON_BTB_MISS_CF_CBR_pct,         -nan
FDIP_OFF_CONF_ON_BTB_MISS_CF_CBR_total_count,             0
FDIP_OFF_CONF_ON_BTB_MISS_CF_CBR_total_pct,         -nan

FDIP_OFF_CONF_ON_BTB_MISS_CF_CALL_count,             0
FDIP_OFF_CONF_ON_BTB_MISS_CF_CALL_pct,         -nan
FDIP_OFF_CONF_ON_BTB_MISS_CF_CALL_total_count,             0
FDIP_OFF_CONF_ON_BTB_MISS_CF_CALL_total_pct,         -nan

FDIP_OFF_CONF_ON_BTB_MISS_CF_IBR_count,             0
FDIP_OFF_CONF_ON_BTB_MISS_CF_IBR_pct,         -nan
FDIP_OFF_CONF_ON_BTB_MISS_CF_IBR_total_count,             0
FDIP_OFF_CONF_ON_BTB_MISS_CF_IBR_total_pct,         -nan

FDIP_OFF_CONF_ON_BTB_MISS_CF_ICALL_count,             0
FDIP_OFF_CONF_ON_BTB_MISS_CF_ICALL_pct,         -nan
FDIP_OFF_CONF_ON_BTB_MISS_CF_ICALL_total_count,             0
FDIP_OFF_CONF_ON_BTB_MISS_CF_ICALL_total_pct,         -nan

FDIP_OFF_CONF_ON_BTB_MISS_CF_ICO_count,             0
FDIP_OFF_CONF_ON_BTB_MISS_CF_ICO_pct,         -nan
FDIP_OFF_CONF_ON_BTB_MISS_CF_ICO_total_count,             0
FDIP_OFF_CONF_ON_BTB_MISS_CF_ICO_total_pct,         -nan

FDIP_OFF_CONF_ON_BTB_MISS_CF_RET_count,             0
FDIP_OFF_CONF_ON_BTB_MISS_CF_RET_pct,         -nan
FDIP_OFF_CONF_ON_BTB_MISS_CF_RET_total_count,             0
FDIP_OFF_CONF_ON_BTB_MISS_CF_RET_total_pct,         -nan

FDIP_OFF_CONF_ON_BTB_MISS_CF_SYS_count,             0
FDIP_OFF_CONF_ON_BTB_MISS_CF_SYS_pct,         -nan
FDIP_OFF_CONF_ON_BTB_MISS_CF_SYS_total_count,             0
FDIP_OFF_CONF_ON_BTB_MISS_CF_SYS_total_pct,         -nan
FDIP_OFF_CONF_ON_BTB_MISS_CF_SYS_sum_count,             0
FDIP_OFF_CONF_ON_BTB_MISS_CF_SYS_sum_pct,         -nan
FDIP_OFF_CONF_ON_BTB_MISS_CF_SYS_sum_total_count,             0
FDIP_OFF_CONF_ON_BTB_MISS_CF_SYS_sum_total_pct,         -nan
FDIP_OFF_CONF_ON_BTB_MISS_CF_SYS_mean,         -nan
FDIP_OFF_CONF_ON_BTB_MISS_CF_SYS_stddev,         -nan
FDIP_OFF_CONF_ON_BTB_MISS_CF_SYS_total_mean,         -nan
FDIP_OFF_CONF_ON_BTB_MISS_CF_SYS_total_stddev,         -nan

FDIP_ON_CONF_OFF_NUM_EVENTS_count,             0
FDIP_ON_CONF_OFF_NUM_EVENTS_total_count,             0

FDIP_ON_CONF_OFF_NUM_BTB_MISS_count,             0
FDIP_ON_CONF_OFF_NUM_BTB_MISS_total_count,             0

FDIP_ON_CONF_OFF_NUM_OP_DIST_INC_count,             0
FDIP_ON_CONF_OFF_NUM_OP_DIST_INC_total_count,             0

FDIP_ON_CONF_OFF_NUM_CF_BR_count,             0
FDIP_ON_CONF_OFF_NUM_CF_BR_pct,         -nan
FDIP_ON_CONF_OFF_NUM_CF_BR_total_count,             0
FDIP_ON_CONF_OFF_NUM_CF_BR_total_pct,         -nan

FDIP_ON_CONF_OFF_NUM_CF_CBR_count,             0
FDIP_ON_CONF_OFF_NUM_CF_CBR_pct,         -nan
FDIP_ON_CONF_OFF_NUM_CF_CBR_total_count,             0
FDIP_ON_CONF_OFF_NUM_CF_CBR_total_pct,         -nan

FDIP_ON_CONF_OFF_NUM_CF_CALL_count,             0
FDIP_ON_CONF_OFF_NUM_CF_CALL_pct,         -nan
FDIP_ON_CONF_OFF_NUM_CF_CALL_total_count,             0
FDIP_ON_CONF_OFF_NUM_CF_CALL_total_pct,         -nan

FDIP_ON_CONF_OFF_NUM_CF_IBR_count,             0
FDIP_ON_CONF_OFF_NUM_CF_IBR_pct,         -nan
FDIP_ON_CONF_OFF_NUM_CF_IBR_total_count,             0
FDIP_ON_CONF_OFF_NUM_CF_IBR_total_pct,         -nan

FDIP_ON_CONF_OFF_NUM_CF_ICALL_count,             0
FDIP_ON_CONF_OFF_NUM_CF_ICALL_pct,         -nan
FDIP_ON_CONF_OFF_NUM_CF_ICALL_total_count,             0
FDIP_ON_CONF_OFF_NUM_CF_ICALL_total_pct,         -nan

FDIP_ON_CONF_OFF_NUM_CF_ICO_count,             0
FDIP_ON_CONF_OFF_NUM_CF_ICO_pct,         -nan
FDIP_ON_CONF_OFF_NUM_CF_ICO_total_count,             0
FDIP_ON_CONF_OFF_NUM_CF_ICO_total_pct,         -nan

FDIP_ON_CONF_OFF_NUM_CF_RET_count,             0
FDIP_ON_CONF_OFF_NUM_CF_RET_pct,         -nan
FDIP_ON_CONF_OFF_NUM_CF_RET_total_count,             0
FDIP_ON_CONF_OFF_NUM_CF_RET_total_pct,         -nan

FDIP_ON_CONF_OFF_NUM_CF_SYS_count,             0
FDIP_ON_CONF_OFF_NUM_CF_SYS_pct,         -nan
FDIP_ON_CONF_OFF_NUM_CF_SYS_total_count,             0
FDIP_ON_CONF_OFF_NUM_CF_SYS_total_pct,         -nan
FDIP_ON_CONF_OFF_NUM_CF_SYS_sum_count,             0
FDIP_ON_CONF_OFF_NUM_CF_SYS_sum_pct,         -nan
FDIP_ON_CONF_OFF_NUM_CF_SYS_sum_total_count,             0
FDIP_ON_CONF_OFF_NUM_CF_SYS_sum_total_pct,         -nan
FDIP_ON_CONF_OFF_NUM_CF_SYS_mean,         -nan
FDIP_ON_CONF_OFF_NUM_CF_SYS_stddev,         -nan
FDIP_ON_CONF_OFF_NUM_CF_SYS_total_mean,         -nan
FDIP_ON_CONF_OFF_NUM_CF_SYS_total_stddev,         -nan

FDIP_ON_CONF_OFF_NUM_CONF_0_BR_count,             0
FDIP_ON_CONF_OFF_NUM_CONF_0_BR_pct,         -nan
FDIP_ON_CONF_OFF_NUM_CONF_0_BR_total_count,             0
FDIP_ON_CONF_OFF_NUM_CONF_0_BR_total_pct,         -nan

FDIP_ON_CONF_OFF_NUM_CONF_1_BR_count,             0
FDIP_ON_CONF_OFF_NUM_CONF_1_BR_pct,         -nan
FDIP_ON_CONF_OFF_NUM_CONF_1_BR_total_count,             0
FDIP_ON_CONF_OFF_NUM_CONF_1_BR_total_pct,         -nan

FDIP_ON_CONF_OFF_NUM_CONF_2_BR_count,             0
FDIP_ON_CONF_OFF_NUM_CONF_2_BR_pct,         -nan
FDIP_ON_CONF_OFF_NUM_CONF_2_BR_total_count,             0
FDIP_ON_CONF_OFF_NUM_CONF_2_BR_total_pct,         -nan

FDIP_ON_CONF_OFF_NUM_CONF_3_BR_count,             0
FDIP_ON_CONF_OFF_NUM_CONF_3_BR_pct,         -nan
FDIP_ON_CONF_OFF_NUM_CONF_3_BR_total_count,             0
FDIP_ON_CONF_OFF_NUM_CONF_3_BR_total_pct,         -nan
FDIP_ON_CONF_OFF_NUM_CONF_3_BR_sum_count,             0
FDIP_ON_CONF_OFF_NUM_CONF_3_BR_sum_pct,         -nan
FDIP_ON_CONF_OFF_NUM_CONF_3_BR_sum_total_count,             0
FDIP_ON_CONF_OFF_NUM_CONF_3_BR_sum_total_pct,         -nan
FDIP_ON_CONF_OFF_NUM_CONF_3_BR_mean,         -nan
FDIP_ON_CONF_OFF_NUM_CONF_3_BR_stddev,         -nan
FDIP_ON_CONF_OFF_NUM_CONF_3_BR_total_mean,         -nan
FDIP_ON_CONF_OFF_NUM_CONF_3_BR_total_stddev,         -nan

FDIP_BTB_NUM_CYCLES_OFF_PATH_EVENT_count,             0
FDIP_BTB_NUM_CYCLES_OFF_PATH_EVENT_total_count,             0

FDIP_BP_CONF_0_MISPRED_count,         40217
FDIP_BP_CONF_0_MISPRED_pct,        0.250
FDIP_BP_CONF_0_MISPRED_total_count,         80493
FDIP_BP_CONF_0_MISPRED_total_pct,        0.251

FDIP_BP_CONF_1_MISPRED_count,         46731
FDIP_BP_CONF_1_MISPRED_pct,        0.291
FDIP_BP_CONF_1_MISPRED_total_count,         98965
FDIP_BP_CONF_1_MISPRED_total_pct,        0.308

FDIP_BP_CONF_2_MISPRED_count,         44853
FDIP_BP_CONF_2_MISPRED_pct,        0.279
FDIP_BP_CONF_2_MISPRED_total_count,         88313
FDIP_BP_CONF_2_MISPRED_total_pct,        0.275

FDIP_BP_CONF_3_MISPRED_count,         71292
FDIP_BP_CONF_3_MISPRED_pct,        0.444
FDIP_BP_CONF_3_MISPRED_total_count,        140594
FDIP_BP_CONF_3_MISPRED_total_pct,        0.438

FDIP_BP_CONF_0_CORRECT_count,        927335
FDIP_BP_CONF_0_CORRECT_pct,        5.775
FDIP_BP_CONF_0_CORRECT_total_count,       1880714
FDIP_BP_CONF_0_CORRECT_total_pct,        5.857

FDIP_BP_CONF_1_CORRECT_count,       1089800
FDIP_BP_CONF_1_CORRECT_pct,        6.787
FDIP_BP_CONF_1_CORRECT_total_count,       2334231
FDIP_BP_CONF_1_CORRECT_total_pct,        7.269

FDIP_BP_CONF_2_CORRECT_count,       1255422
FDIP_BP_CONF_2_CORRECT_pct,        7.819
FDIP_BP_CONF_2_CORRECT_total_count,       2458682
FDIP_BP_CONF_2_CORRECT_total_pct,        7.657

FDIP_BP_CONF_3_CORRECT_count,      12580879
FDIP_BP_CONF_3_CORRECT_pct,       78.354
FDIP_BP_CONF_3_CORRECT_total_count,      25028488
FDIP_BP_CONF_3_CORRECT_total_pct,       77.945
FDIP_BP_CONF_3_CORRECT_sum_count,      16056529
FDIP_BP_CONF_3_CORRECT_sum_pct,      100.000
FDIP_BP_CONF_3_CORRECT_sum_total_count,      32110480
FDIP_BP_CONF_3_CORRECT_sum_total_pct,      100.000
FDIP_BP_CONF_3_CORRECT_mean,         6.55
FDIP_BP_CONF_3_CORRECT_stddev,         5.87
FDIP_BP_CONF_3_CORRECT_total_mean,         6.54
FDIP_BP_CONF_3_CORRECT_total_stddev,         5.85

FDIP_ON_CONF_OFF_BTB_MISS_BP_TAKEN_CONF_0_count,             0
FDIP_ON_CONF_OFF_BTB_MISS_BP_TAKEN_CONF_0_pct,         -nan
FDIP_ON_CONF_OFF_BTB_MISS_BP_TAKEN_CONF_0_total_count,             0
FDIP_ON_CONF_OFF_BTB_MISS_BP_TAKEN_CONF_0_total_pct,         -nan

FDIP_ON_CONF_OFF_BTB_MISS_BP_TAKEN_CONF_1_count,             0
FDIP_ON_CONF_OFF_BTB_MISS_BP_TAKEN_CONF_1_pct,         -nan
FDIP_ON_CONF_OFF_BTB_MISS_BP_TAKEN_CONF_1_total_count,             0
FDIP_ON_CONF_OFF_BTB_MISS_BP_TAKEN_CONF_1_total_pct,         -nan

FDIP_ON_CONF_OFF_BTB_MISS_BP_TAKEN_CONF_2_count,             0
FDIP_ON_CONF_OFF_BTB_MISS_BP_TAKEN_CONF_2_pct,         -nan
FDIP_ON_CONF_OFF_BTB_MISS_BP_TAKEN_CONF_2_total_count,             0
FDIP_ON_CONF_OFF_BTB_MISS_BP_TAKEN_CONF_2_total_pct,         -nan

FDIP_ON_CONF_OFF_BTB_MISS_BP_TAKEN_CONF_3_count,             0
FDIP_ON_CONF_OFF_BTB_MISS_BP_TAKEN_CONF_3_pct,         -nan
FDIP_ON_CONF_OFF_BTB_MISS_BP_TAKEN_CONF_3_total_count,             0
FDIP_ON_CONF_OFF_BTB_MISS_BP_TAKEN_CONF_3_total_pct,         -nan

FDIP_ON_CONF_OFF_BTB_MISS_RATE_count,             0
FDIP_ON_CONF_OFF_BTB_MISS_RATE_pct,         -nan
FDIP_ON_CONF_OFF_BTB_MISS_RATE_total_count,             0
FDIP_ON_CONF_OFF_BTB_MISS_RATE_total_pct,         -nan

FDIP_ON_CONF_OFF_INV_CONF_INC_count,             0
FDIP_ON_CONF_OFF_INV_CONF_INC_pct,         -nan
FDIP_ON_CONF_OFF_INV_CONF_INC_total_count,             0
FDIP_ON_CONF_OFF_INV_CONF_INC_total_pct,         -nan
FDIP_ON_CONF_OFF_INV_CONF_INC_sum_count,             0
FDIP_ON_CONF_OFF_INV_CONF_INC_sum_pct,         -nan
FDIP_ON_CONF_OFF_INV_CONF_INC_sum_total_count,             0
FDIP_ON_CONF_OFF_INV_CONF_INC_sum_total_pct,         -nan
FDIP_ON_CONF_OFF_INV_CONF_INC_mean,         -nan
FDIP_ON_CONF_OFF_INV_CONF_INC_stddev,         -nan
FDIP_ON_CONF_OFF_INV_CONF_INC_total_mean,         -nan
FDIP_ON_CONF_OFF_INV_CONF_INC_total_stddev,         -nan

FDIP_ON_CONF_OFF_BTB_MISS_BP_TAKEN_CONF_0_PREF_CANDIDATES_count,             0
FDIP_ON_CONF_OFF_BTB_MISS_BP_TAKEN_CONF_0_PREF_CANDIDATES_pct,         -nan
FDIP_ON_CONF_OFF_BTB_MISS_BP_TAKEN_CONF_0_PREF_CANDIDATES_total_count,             0
FDIP_ON_CONF_OFF_BTB_MISS_BP_TAKEN_CONF_0_PREF_CANDIDATES_total_pct,         -nan

FDIP_ON_CONF_OFF_BTB_MISS_BP_TAKEN_CONF_1_PREF_CANDIDATES_count,             0
FDIP_ON_CONF_OFF_BTB_MISS_BP_TAKEN_CONF_1_PREF_CANDIDATES_pct,         -nan
FDIP_ON_CONF_OFF_BTB_MISS_BP_TAKEN_CONF_1_PREF_CANDIDATES_total_count,             0
FDIP_ON_CONF_OFF_BTB_MISS_BP_TAKEN_CONF_1_PREF_CANDIDATES_total_pct,         -nan

FDIP_ON_CONF_OFF_BTB_MISS_BP_TAKEN_CONF_2_PREF_CANDIDATES_count,             0
FDIP_ON_CONF_OFF_BTB_MISS_BP_TAKEN_CONF_2_PREF_CANDIDATES_pct,         -nan
FDIP_ON_CONF_OFF_BTB_MISS_BP_TAKEN_CONF_2_PREF_CANDIDATES_total_count,             0
FDIP_ON_CONF_OFF_BTB_MISS_BP_TAKEN_CONF_2_PREF_CANDIDATES_total_pct,         -nan

FDIP_ON_CONF_OFF_BTB_MISS_BP_TAKEN_CONF_3_PREF_CANDIDATES_count,             0
FDIP_ON_CONF_OFF_BTB_MISS_BP_TAKEN_CONF_3_PREF_CANDIDATES_pct,         -nan
FDIP_ON_CONF_OFF_BTB_MISS_BP_TAKEN_CONF_3_PREF_CANDIDATES_total_count,             0
FDIP_ON_CONF_OFF_BTB_MISS_BP_TAKEN_CONF_3_PREF_CANDIDATES_total_pct,         -nan

FDIP_ON_CONF_OFF_BTB_MISS_RATE_PREF_CANDIDATES_count,             0
FDIP_ON_CONF_OFF_BTB_MISS_RATE_PREF_CANDIDATES_pct,         -nan
FDIP_ON_CONF_OFF_BTB_MISS_RATE_PREF_CANDIDATES_total_count,             0
FDIP_ON_CONF_OFF_BTB_MISS_RATE_PREF_CANDIDATES_total_pct,         -nan

FDIP_ON_CONF_OFF_INV_CONF_INC_PREF_CANDIDATES_count,             0
FDIP_ON_CONF_OFF_INV_CONF_INC_PREF_CANDIDATES_pct,         -nan
FDIP_ON_CONF_OFF_INV_CONF_INC_PREF_CANDIDATES_total_count,             0
FDIP_ON_CONF_OFF_INV_CONF_INC_PREF_CANDIDATES_total_pct,         -nan
FDIP_ON_CONF_OFF_INV_CONF_INC_PREF_CANDIDATES_sum_count,             0
FDIP_ON_CONF_OFF_INV_CONF_INC_PREF_CANDIDATES_sum_pct,         -nan
FDIP_ON_CONF_OFF_INV_CONF_INC_PREF_CANDIDATES_sum_total_count,             0
FDIP_ON_CONF_OFF_INV_CONF_INC_PREF_CANDIDATES_sum_total_pct,         -nan
FDIP_ON_CONF_OFF_INV_CONF_INC_PREF_CANDIDATES_mean,         -nan
FDIP_ON_CONF_OFF_INV_CONF_INC_PREF_CANDIDATES_stddev,         -nan
FDIP_ON_CONF_OFF_INV_CONF_INC_PREF_CANDIDATES_total_mean,         -nan
FDIP_ON_CONF_OFF_INV_CONF_INC_PREF_CANDIDATES_total_stddev,         -nan

FDIP_ON_CONF_OFF_BTB_MISS_BP_TAKEN_CONF_0_EMITTED_count,             0
FDIP_ON_CONF_OFF_BTB_MISS_BP_TAKEN_CONF_0_EMITTED_pct,         -nan
FDIP_ON_CONF_OFF_BTB_MISS_BP_TAKEN_CONF_0_EMITTED_total_count,             0
FDIP_ON_CONF_OFF_BTB_MISS_BP_TAKEN_CONF_0_EMITTED_total_pct,         -nan

FDIP_ON_CONF_OFF_BTB_MISS_BP_TAKEN_CONF_1_EMITTED_count,             0
FDIP_ON_CONF_OFF_BTB_MISS_BP_TAKEN_CONF_1_EMITTED_pct,         -nan
FDIP_ON_CONF_OFF_BTB_MISS_BP_TAKEN_CONF_1_EMITTED_total_count,             0
FDIP_ON_CONF_OFF_BTB_MISS_BP_TAKEN_CONF_1_EMITTED_total_pct,         -nan

FDIP_ON_CONF_OFF_BTB_MISS_BP_TAKEN_CONF_2_EMITTED_count,             0
FDIP_ON_CONF_OFF_BTB_MISS_BP_TAKEN_CONF_2_EMITTED_pct,         -nan
FDIP_ON_CONF_OFF_BTB_MISS_BP_TAKEN_CONF_2_EMITTED_total_count,             0
FDIP_ON_CONF_OFF_BTB_MISS_BP_TAKEN_CONF_2_EMITTED_total_pct,         -nan

FDIP_ON_CONF_OFF_BTB_MISS_BP_TAKEN_CONF_3_EMITTED_count,             0
FDIP_ON_CONF_OFF_BTB_MISS_BP_TAKEN_CONF_3_EMITTED_pct,         -nan
FDIP_ON_CONF_OFF_BTB_MISS_BP_TAKEN_CONF_3_EMITTED_total_count,             0
FDIP_ON_CONF_OFF_BTB_MISS_BP_TAKEN_CONF_3_EMITTED_total_pct,         -nan

FDIP_ON_CONF_OFF_BTB_MISS_RATE_EMITTED_count,             0
FDIP_ON_CONF_OFF_BTB_MISS_RATE_EMITTED_pct,         -nan
FDIP_ON_CONF_OFF_BTB_MISS_RATE_EMITTED_total_count,             0
FDIP_ON_CONF_OFF_BTB_MISS_RATE_EMITTED_total_pct,         -nan

FDIP_ON_CONF_OFF_INV_CONF_INC_EMITTED_count,             0
FDIP_ON_CONF_OFF_INV_CONF_INC_EMITTED_pct,         -nan
FDIP_ON_CONF_OFF_INV_CONF_INC_EMITTED_total_count,             0
FDIP_ON_CONF_OFF_INV_CONF_INC_EMITTED_total_pct,         -nan
FDIP_ON_CONF_OFF_INV_CONF_INC_EMITTED_sum_count,             0
FDIP_ON_CONF_OFF_INV_CONF_INC_EMITTED_sum_pct,         -nan
FDIP_ON_CONF_OFF_INV_CONF_INC_EMITTED_sum_total_count,             0
FDIP_ON_CONF_OFF_INV_CONF_INC_EMITTED_sum_total_pct,         -nan
FDIP_ON_CONF_OFF_INV_CONF_INC_EMITTED_mean,         -nan
FDIP_ON_CONF_OFF_INV_CONF_INC_EMITTED_stddev,         -nan
FDIP_ON_CONF_OFF_INV_CONF_INC_EMITTED_total_mean,         -nan
FDIP_ON_CONF_OFF_INV_CONF_INC_EMITTED_total_stddev,         -nan

ICACHE_FIRST_MISS_AFTER_WARMUP_SEEN_DURING_WARMUP_count,             0
ICACHE_FIRST_MISS_AFTER_WARMUP_SEEN_DURING_WARMUP_pct,         -nan
ICACHE_FIRST_MISS_AFTER_WARMUP_SEEN_DURING_WARMUP_total_count,             0
ICACHE_FIRST_MISS_AFTER_WARMUP_SEEN_DURING_WARMUP_total_pct,         -nan

ICACHE_FIRST_MISS_AFTER_WARMUP_NOT_SEEN_DURING_WARMUP_count,             0
ICACHE_FIRST_MISS_AFTER_WARMUP_NOT_SEEN_DURING_WARMUP_pct,         -nan
ICACHE_FIRST_MISS_AFTER_WARMUP_NOT_SEEN_DURING_WARMUP_total_count,             0
ICACHE_FIRST_MISS_AFTER_WARMUP_NOT_SEEN_DURING_WARMUP_total_pct,         -nan
ICACHE_FIRST_MISS_AFTER_WARMUP_NOT_SEEN_DURING_WARMUP_sum_count,             0
ICACHE_FIRST_MISS_AFTER_WARMUP_NOT_SEEN_DURING_WARMUP_sum_pct,         -nan
ICACHE_FIRST_MISS_AFTER_WARMUP_NOT_SEEN_DURING_WARMUP_sum_total_count,             0
ICACHE_FIRST_MISS_AFTER_WARMUP_NOT_SEEN_DURING_WARMUP_sum_total_pct,         -nan
ICACHE_FIRST_MISS_AFTER_WARMUP_NOT_SEEN_DURING_WARMUP_mean,         -nan
ICACHE_FIRST_MISS_AFTER_WARMUP_NOT_SEEN_DURING_WARMUP_stddev,         -nan
ICACHE_FIRST_MISS_AFTER_WARMUP_NOT_SEEN_DURING_WARMUP_total_mean,         -nan
ICACHE_FIRST_MISS_AFTER_WARMUP_NOT_SEEN_DURING_WARMUP_total_stddev,         -nan

ICACHE_FIRST_MISS_AFTER_WARMUP_NO_PREF_DURING_WARMUP_count,             0
ICACHE_FIRST_MISS_AFTER_WARMUP_NO_PREF_DURING_WARMUP_pct,         -nan
ICACHE_FIRST_MISS_AFTER_WARMUP_NO_PREF_DURING_WARMUP_total_count,             0
ICACHE_FIRST_MISS_AFTER_WARMUP_NO_PREF_DURING_WARMUP_total_pct,         -nan

ICACHE_FIRST_MISS_AFTER_WARMUP_TRAINED_UNUSEFUL_DURING_WARMUP_count,             0
ICACHE_FIRST_MISS_AFTER_WARMUP_TRAINED_UNUSEFUL_DURING_WARMUP_pct,         -nan
ICACHE_FIRST_MISS_AFTER_WARMUP_TRAINED_UNUSEFUL_DURING_WARMUP_total_count,             0
ICACHE_FIRST_MISS_AFTER_WARMUP_TRAINED_UNUSEFUL_DURING_WARMUP_total_pct,         -nan

ICACHE_FIRST_MISS_AFTER_WARMUP_TRAINED_USEFUL_DURING_WARMUP_count,             0
ICACHE_FIRST_MISS_AFTER_WARMUP_TRAINED_USEFUL_DURING_WARMUP_pct,         -nan
ICACHE_FIRST_MISS_AFTER_WARMUP_TRAINED_USEFUL_DURING_WARMUP_total_count,             0
ICACHE_FIRST_MISS_AFTER_WARMUP_TRAINED_USEFUL_DURING_WARMUP_total_pct,         -nan
ICACHE_FIRST_MISS_AFTER_WARMUP_TRAINED_USEFUL_DURING_WARMUP_sum_count,             0
ICACHE_FIRST_MISS_AFTER_WARMUP_TRAINED_USEFUL_DURING_WARMUP_sum_pct,         -nan
ICACHE_FIRST_MISS_AFTER_WARMUP_TRAINED_USEFUL_DURING_WARMUP_sum_total_count,             0
ICACHE_FIRST_MISS_AFTER_WARMUP_TRAINED_USEFUL_DURING_WARMUP_sum_total_pct,         -nan
ICACHE_FIRST_MISS_AFTER_WARMUP_TRAINED_USEFUL_DURING_WARMUP_mean,         -nan
ICACHE_FIRST_MISS_AFTER_WARMUP_TRAINED_USEFUL_DURING_WARMUP_stddev,         -nan
ICACHE_FIRST_MISS_AFTER_WARMUP_TRAINED_USEFUL_DURING_WARMUP_total_mean,         -nan
ICACHE_FIRST_MISS_AFTER_WARMUP_TRAINED_USEFUL_DURING_WARMUP_total_stddev,         -nan

FDIP_PREFETCH_EVICT_NO_HIT_ONLY_ONCE_count,             0
FDIP_PREFETCH_EVICT_NO_HIT_ONLY_ONCE_total_count,             0

FDIP_PREFETCH_HIT_ICACHE_count,      11198421
FDIP_PREFETCH_HIT_ICACHE_pct,      100.000
FDIP_PREFETCH_HIT_ICACHE_total_count,      22449472
FDIP_PREFETCH_HIT_ICACHE_total_pct,       99.996

FDIP_PREFETCH_HIT_MLC_count,             0
FDIP_PREFETCH_HIT_MLC_pct,        0.000
FDIP_PREFETCH_HIT_MLC_total_count,             2
FDIP_PREFETCH_HIT_MLC_total_pct,        0.000

FDIP_PREFETCH_HIT_L1_count,             0
FDIP_PREFETCH_HIT_L1_pct,        0.000
FDIP_PREFETCH_HIT_L1_total_count,             0
FDIP_PREFETCH_HIT_L1_total_pct,        0.000

FDIP_PREFETCH_HIT_DRAM_count,             0
FDIP_PREFETCH_HIT_DRAM_pct,        0.000
FDIP_PREFETCH_HIT_DRAM_total_count,           934
FDIP_PREFETCH_HIT_DRAM_total_pct,        0.004
FDIP_PREFETCH_HIT_DRAM_sum_count,      11198421
FDIP_PREFETCH_HIT_DRAM_sum_pct,      100.000
FDIP_PREFETCH_HIT_DRAM_sum_total_count,      22450408
FDIP_PREFETCH_HIT_DRAM_sum_total_pct,      100.000
FDIP_PREFETCH_HIT_DRAM_mean,         0.00
FDIP_PREFETCH_HIT_DRAM_stddev,         0.00
FDIP_PREFETCH_HIT_DRAM_total_mean,         0.00
FDIP_PREFETCH_HIT_DRAM_total_stddev,         0.02

FDIP_MEM_BUF_MISS_count,             0
FDIP_MEM_BUF_MISS_pct,         -nan
FDIP_MEM_BUF_MISS_total_count,             0
FDIP_MEM_BUF_MISS_total_pct,         -nan

FDIP_MEM_BUF_FOUND_count,             0
FDIP_MEM_BUF_FOUND_pct,         -nan
FDIP_MEM_BUF_FOUND_total_count,             0
FDIP_MEM_BUF_FOUND_total_pct,         -nan
FDIP_MEM_BUF_FOUND_sum_count,             0
FDIP_MEM_BUF_FOUND_sum_pct,         -nan
FDIP_MEM_BUF_FOUND_sum_total_count,             0
FDIP_MEM_BUF_FOUND_sum_total_pct,         -nan
FDIP_MEM_BUF_FOUND_mean,         -nan
FDIP_MEM_BUF_FOUND_stddev,         -nan
FDIP_MEM_BUF_FOUND_total_mean,         -nan
FDIP_MEM_BUF_FOUND_total_stddev,         -nan

DJOLT_PREFETCH_ENTRY_count,             0
DJOLT_PREFETCH_ENTRY_total_count,             0

DJOLT_PREFETCH_INITIAL_count,             0
DJOLT_PREFETCH_INITIAL_total_count,             0

DJOLT_PREFETCH_SIG_count,             0
DJOLT_PREFETCH_SIG_total_count,             0

FNLMMA_PREFETCH_TYPE0_count,             0
FNLMMA_PREFETCH_TYPE0_pct,         -nan
FNLMMA_PREFETCH_TYPE0_total_count,             0
FNLMMA_PREFETCH_TYPE0_total_pct,         -nan

FNLMMA_PREFETCH_TYPE1_count,             0
FNLMMA_PREFETCH_TYPE1_pct,         -nan
FNLMMA_PREFETCH_TYPE1_total_count,             0
FNLMMA_PREFETCH_TYPE1_total_pct,         -nan

FNLMMA_PREFETCH_TYPE2_count,             0
FNLMMA_PREFETCH_TYPE2_pct,         -nan
FNLMMA_PREFETCH_TYPE2_total_count,             0
FNLMMA_PREFETCH_TYPE2_total_pct,         -nan

FNLMMA_PREFETCH_TYPE3_count,             0
FNLMMA_PREFETCH_TYPE3_pct,         -nan
FNLMMA_PREFETCH_TYPE3_total_count,             0
FNLMMA_PREFETCH_TYPE3_total_pct,         -nan

FNLMMA_PREFETCH_TYPE4_count,             0
FNLMMA_PREFETCH_TYPE4_pct,         -nan
FNLMMA_PREFETCH_TYPE4_total_count,             0
FNLMMA_PREFETCH_TYPE4_total_pct,         -nan
FNLMMA_PREFETCH_TYPE4_sum_count,             0
FNLMMA_PREFETCH_TYPE4_sum_pct,         -nan
FNLMMA_PREFETCH_TYPE4_sum_total_count,             0
FNLMMA_PREFETCH_TYPE4_sum_total_pct,         -nan
FNLMMA_PREFETCH_TYPE4_mean,         -nan
FNLMMA_PREFETCH_TYPE4_stddev,         -nan
FNLMMA_PREFETCH_TYPE4_total_mean,         -nan
FNLMMA_PREFETCH_TYPE4_total_stddev,         -nan



