Core, 0
Cumulative Cycles, 14603196            
Cumulative Instructions, 20000000            
Cumulative IPC, 1.36956
Periodic Cycles, 7353411             
Periodic Instructions, 10000000            
Periodic IPC, 1.35991

DCACHE_PREF_HIT_count,             0
DCACHE_PREF_HIT_total_count,             0

IFETCH_WB_FIRST_SCHEDULE_count,             0
IFETCH_WB_FIRST_SCHEDULE_pct,         -nan
IFETCH_WB_FIRST_SCHEDULE_total_count,             0
IFETCH_WB_FIRST_SCHEDULE_total_pct,         -nan

PREFETCH_LAST_SCHEDULE_count,             0
PREFETCH_LAST_SCHEDULE_pct,         -nan
PREFETCH_LAST_SCHEDULE_total_count,             0
PREFETCH_LAST_SCHEDULE_total_pct,         -nan

DEMAND_PASS_PREF_SCHEDULE_count,             0
DEMAND_PASS_PREF_SCHEDULE_pct,         -nan
DEMAND_PASS_PREF_SCHEDULE_total_count,             0
DEMAND_PASS_PREF_SCHEDULE_total_pct,         -nan

DEMAND_PASS_LOW_OP_SCHEDULE_count,             0
DEMAND_PASS_LOW_OP_SCHEDULE_pct,         -nan
DEMAND_PASS_LOW_OP_SCHEDULE_total_count,             0
DEMAND_PASS_LOW_OP_SCHEDULE_total_pct,         -nan

DEMAND_LAST_SCHEDULE_count,             0
DEMAND_LAST_SCHEDULE_pct,         -nan
DEMAND_LAST_SCHEDULE_total_count,             0
DEMAND_LAST_SCHEDULE_total_pct,         -nan
DEMAND_LAST_SCHEDULE_sum_count,             0
DEMAND_LAST_SCHEDULE_sum_pct,         -nan
DEMAND_LAST_SCHEDULE_sum_total_count,             0
DEMAND_LAST_SCHEDULE_sum_total_pct,         -nan
DEMAND_LAST_SCHEDULE_mean,         -nan
DEMAND_LAST_SCHEDULE_stddev,         -nan
DEMAND_LAST_SCHEDULE_total_mean,         -nan
DEMAND_LAST_SCHEDULE_total_stddev,         -nan

SEND_MISS_REQ_QUEUE_count,         99377
SEND_MISS_REQ_QUEUE_total_count,        200609

L1_DATA_EVICT_count,        101755
L1_DATA_EVICT_total_count,        171847

STREAM_BUFFER_REQ_count,             0
STREAM_BUFFER_REQ_total_count,             0

PREF_SEND_TO_MEM_REQ_count,             0
PREF_SEND_TO_MEM_REQ_pct,         -nan
PREF_SEND_TO_MEM_REQ_total_count,             0
PREF_SEND_TO_MEM_REQ_total_pct,         -nan

PREF_SEND_TO_MEM_REQ_FAIL_count,             0
PREF_SEND_TO_MEM_REQ_FAIL_pct,         -nan
PREF_SEND_TO_MEM_REQ_FAIL_total_count,             0
PREF_SEND_TO_MEM_REQ_FAIL_total_pct,         -nan
PREF_SEND_TO_MEM_REQ_FAIL_sum_count,             0
PREF_SEND_TO_MEM_REQ_FAIL_sum_pct,         -nan
PREF_SEND_TO_MEM_REQ_FAIL_sum_total_count,             0
PREF_SEND_TO_MEM_REQ_FAIL_sum_total_pct,         -nan
PREF_SEND_TO_MEM_REQ_FAIL_mean,         -nan
PREF_SEND_TO_MEM_REQ_FAIL_stddev,         -nan
PREF_SEND_TO_MEM_REQ_FAIL_total_mean,         -nan
PREF_SEND_TO_MEM_REQ_FAIL_total_stddev,         -nan

HIT_TRAIN_STREAM_count,         42916
HIT_TRAIN_STREAM_pct,       73.563
HIT_TRAIN_STREAM_total_count,         82432
HIT_TRAIN_STREAM_total_pct,       68.059

MISS_TRAIN_STREAM_count,         15423
MISS_TRAIN_STREAM_pct,       26.437
MISS_TRAIN_STREAM_total_count,         38687
MISS_TRAIN_STREAM_total_pct,       31.941
MISS_TRAIN_STREAM_sum_count,         58339
MISS_TRAIN_STREAM_sum_pct,      100.000
MISS_TRAIN_STREAM_sum_total_count,        121119
MISS_TRAIN_STREAM_sum_total_pct,      100.000
MISS_TRAIN_STREAM_mean,         0.26
MISS_TRAIN_STREAM_stddev,         0.40
MISS_TRAIN_STREAM_total_mean,         0.32
MISS_TRAIN_STREAM_total_stddev,         0.42

STREAM_TRAIN_CREATE_count,          6817
STREAM_TRAIN_CREATE_total_count,         16232

MEM_REQ_MISS_HWP_PREF_Q_count,             0
MEM_REQ_MISS_HWP_PREF_Q_pct,         -nan
MEM_REQ_MISS_HWP_PREF_Q_total_count,             0
MEM_REQ_MISS_HWP_PREF_Q_total_pct,         -nan

MEM_REQ_MISS_SW_PREF_Q_count,             0
MEM_REQ_MISS_SW_PREF_Q_pct,         -nan
MEM_REQ_MISS_SW_PREF_Q_total_count,             0
MEM_REQ_MISS_SW_PREF_Q_total_pct,         -nan

MEM_REQ_MISS_IFETCH_Q_count,             0
MEM_REQ_MISS_IFETCH_Q_pct,         -nan
MEM_REQ_MISS_IFETCH_Q_total_count,             0
MEM_REQ_MISS_IFETCH_Q_total_pct,         -nan

MEM_REQ_MISS_DFETCH_Q_count,             0
MEM_REQ_MISS_DFETCH_Q_pct,         -nan
MEM_REQ_MISS_DFETCH_Q_total_count,             0
MEM_REQ_MISS_DFETCH_Q_total_pct,         -nan

MEM_REQ_MISS_DSTORE_Q_count,             0
MEM_REQ_MISS_DSTORE_Q_pct,         -nan
MEM_REQ_MISS_DSTORE_Q_total_count,             0
MEM_REQ_MISS_DSTORE_Q_total_pct,         -nan

MEM_REQ_MISS_DPRF_Q_count,             0
MEM_REQ_MISS_DPRF_Q_pct,         -nan
MEM_REQ_MISS_DPRF_Q_total_count,             0
MEM_REQ_MISS_DPRF_Q_total_pct,         -nan

MEM_REQ_MISS_WB_Q_count,             0
MEM_REQ_MISS_WB_Q_pct,         -nan
MEM_REQ_MISS_WB_Q_total_count,             0
MEM_REQ_MISS_WB_Q_total_pct,         -nan
MEM_REQ_MISS_WB_Q_sum_count,             0
MEM_REQ_MISS_WB_Q_sum_pct,         -nan
MEM_REQ_MISS_WB_Q_sum_total_count,             0
MEM_REQ_MISS_WB_Q_sum_total_pct,         -nan
MEM_REQ_MISS_WB_Q_mean,         -nan
MEM_REQ_MISS_WB_Q_stddev,         -nan
MEM_REQ_MISS_WB_Q_total_mean,         -nan
MEM_REQ_MISS_WB_Q_total_stddev,         -nan

PREF_HIT_BY_DEMAND_IFETCH_count,             0
PREF_HIT_BY_DEMAND_IFETCH_pct,         -nan
PREF_HIT_BY_DEMAND_IFETCH_total_count,             0
PREF_HIT_BY_DEMAND_IFETCH_total_pct,         -nan

PREF_HIT_BY_DEMAND_DFETCH_count,             0
PREF_HIT_BY_DEMAND_DFETCH_pct,         -nan
PREF_HIT_BY_DEMAND_DFETCH_total_count,             0
PREF_HIT_BY_DEMAND_DFETCH_total_pct,         -nan

PREF_HIT_BY_DEMAND_DSTORE_count,             0
PREF_HIT_BY_DEMAND_DSTORE_pct,         -nan
PREF_HIT_BY_DEMAND_DSTORE_total_count,             0
PREF_HIT_BY_DEMAND_DSTORE_total_pct,         -nan

PREF_HIT_BY_DEMAND_IPREF_count,             0
PREF_HIT_BY_DEMAND_IPREF_pct,         -nan
PREF_HIT_BY_DEMAND_IPREF_total_count,             0
PREF_HIT_BY_DEMAND_IPREF_total_pct,         -nan

PREF_HIT_BY_DEMAND_DPRF_count,             0
PREF_HIT_BY_DEMAND_DPRF_pct,         -nan
PREF_HIT_BY_DEMAND_DPRF_total_count,             0
PREF_HIT_BY_DEMAND_DPRF_total_pct,         -nan

PREF_HIT_BY_DEMAND_WB_count,             0
PREF_HIT_BY_DEMAND_WB_pct,         -nan
PREF_HIT_BY_DEMAND_WB_total_count,             0
PREF_HIT_BY_DEMAND_WB_total_pct,         -nan

PREF_HIT_BY_PREF_count,             0
PREF_HIT_BY_PREF_pct,         -nan
PREF_HIT_BY_PREF_total_count,             0
PREF_HIT_BY_PREF_total_pct,         -nan
PREF_HIT_BY_PREF_sum_count,             0
PREF_HIT_BY_PREF_sum_pct,         -nan
PREF_HIT_BY_PREF_sum_total_count,             0
PREF_HIT_BY_PREF_sum_total_pct,         -nan
PREF_HIT_BY_PREF_mean,         -nan
PREF_HIT_BY_PREF_stddev,         -nan
PREF_HIT_BY_PREF_total_mean,         -nan
PREF_HIT_BY_PREF_total_stddev,         -nan

PREF_HIT_DEMAND_IFETCH_count,             0
PREF_HIT_DEMAND_IFETCH_pct,         -nan
PREF_HIT_DEMAND_IFETCH_total_count,             0
PREF_HIT_DEMAND_IFETCH_total_pct,         -nan

PREF_HIT_DEMAND_DFETCH_count,             0
PREF_HIT_DEMAND_DFETCH_pct,         -nan
PREF_HIT_DEMAND_DFETCH_total_count,             0
PREF_HIT_DEMAND_DFETCH_total_pct,         -nan

PREF_HIT_DEMAND_DSTORE_count,             0
PREF_HIT_DEMAND_DSTORE_pct,         -nan
PREF_HIT_DEMAND_DSTORE_total_count,             0
PREF_HIT_DEMAND_DSTORE_total_pct,         -nan

PREF_HIT_DEMAND_IPREF_count,             0
PREF_HIT_DEMAND_IPREF_pct,         -nan
PREF_HIT_DEMAND_IPREF_total_count,             0
PREF_HIT_DEMAND_IPREF_total_pct,         -nan

PREF_HIT_DEMAND_DPRF_count,             0
PREF_HIT_DEMAND_DPRF_pct,         -nan
PREF_HIT_DEMAND_DPRF_total_count,             0
PREF_HIT_DEMAND_DPRF_total_pct,         -nan

PREF_HIT_DEMAND_WB_count,             0
PREF_HIT_DEMAND_WB_pct,         -nan
PREF_HIT_DEMAND_WB_total_count,             0
PREF_HIT_DEMAND_WB_total_pct,         -nan
PREF_HIT_DEMAND_WB_sum_count,             0
PREF_HIT_DEMAND_WB_sum_pct,         -nan
PREF_HIT_DEMAND_WB_sum_total_count,             0
PREF_HIT_DEMAND_WB_sum_total_pct,         -nan
PREF_HIT_DEMAND_WB_mean,         -nan
PREF_HIT_DEMAND_WB_stddev,         -nan
PREF_HIT_DEMAND_WB_total_mean,         -nan
PREF_HIT_DEMAND_WB_total_stddev,         -nan

PREF_L1_FILL_count,             0
PREF_L1_FILL_pct,         -nan
PREF_L1_FILL_total_count,             0
PREF_L1_FILL_total_pct,         -nan

DEMAND_L1_FILL_count,             0
DEMAND_L1_FILL_pct,         -nan
DEMAND_L1_FILL_total_count,             0
DEMAND_L1_FILL_total_pct,         -nan
DEMAND_L1_FILL_sum_count,             0
DEMAND_L1_FILL_sum_pct,         -nan
DEMAND_L1_FILL_sum_total_count,             0
DEMAND_L1_FILL_sum_total_pct,         -nan
DEMAND_L1_FILL_mean,         -nan
DEMAND_L1_FILL_stddev,         -nan
DEMAND_L1_FILL_total_mean,         -nan
DEMAND_L1_FILL_total_stddev,         -nan

TOUCH_L1_REPLACE_count,             0
TOUCH_L1_REPLACE_pct,        0.000
TOUCH_L1_REPLACE_total_count,             0
TOUCH_L1_REPLACE_total_pct,        0.000

NO_TOUCH_L1_REPLACE_count,        101755
NO_TOUCH_L1_REPLACE_pct,      100.000
NO_TOUCH_L1_REPLACE_total_count,        171847
NO_TOUCH_L1_REPLACE_total_pct,      100.000
NO_TOUCH_L1_REPLACE_sum_count,        101755
NO_TOUCH_L1_REPLACE_sum_pct,      100.000
NO_TOUCH_L1_REPLACE_sum_total_count,        171847
NO_TOUCH_L1_REPLACE_sum_total_pct,      100.000
NO_TOUCH_L1_REPLACE_mean,         1.00
NO_TOUCH_L1_REPLACE_stddev,         1.00
NO_TOUCH_L1_REPLACE_total_mean,         1.00
NO_TOUCH_L1_REPLACE_total_stddev,         1.00

PREF_REQ_QUE_FULL_count,             0
PREF_REQ_QUE_FULL_total_count,             0

STREAM_REQ_QUEUE_HIT_BY_DEMAND_count,             0
STREAM_REQ_QUEUE_HIT_BY_DEMAND_total_count,             0

L2HIT_STREAM_PREF_REQ_QUE_FULL_count,             0
L2HIT_STREAM_PREF_REQ_QUE_FULL_total_count,             0

L2HIT_HIT_TRAIN_STREAM_count,             0
L2HIT_HIT_TRAIN_STREAM_pct,         -nan
L2HIT_HIT_TRAIN_STREAM_total_count,             0
L2HIT_HIT_TRAIN_STREAM_total_pct,         -nan

L2HIT_MISS_TRAIN_STREAM_count,             0
L2HIT_MISS_TRAIN_STREAM_pct,         -nan
L2HIT_MISS_TRAIN_STREAM_total_count,             0
L2HIT_MISS_TRAIN_STREAM_total_pct,         -nan
L2HIT_MISS_TRAIN_STREAM_sum_count,             0
L2HIT_MISS_TRAIN_STREAM_sum_pct,         -nan
L2HIT_MISS_TRAIN_STREAM_sum_total_count,             0
L2HIT_MISS_TRAIN_STREAM_sum_total_pct,         -nan
L2HIT_MISS_TRAIN_STREAM_mean,         -nan
L2HIT_MISS_TRAIN_STREAM_stddev,         -nan
L2HIT_MISS_TRAIN_STREAM_total_mean,         -nan
L2HIT_MISS_TRAIN_STREAM_total_stddev,         -nan

L2HIT_STREAM_TRAIN_CREATE_count,             0
L2HIT_STREAM_TRAIN_CREATE_total_count,             0

L2HIT_STREAM_BUFFER_REQ_count,             0
L2HIT_STREAM_BUFFER_REQ_total_count,             0

L2HIT_STREAM_PREF_DCACHE_HIT_count,             0
L2HIT_STREAM_PREF_DCACHE_HIT_pct,         -nan
L2HIT_STREAM_PREF_DCACHE_HIT_total_count,             0
L2HIT_STREAM_PREF_DCACHE_HIT_total_pct,         -nan

L2HIT_STREAM_PREF_DCACHE_INSERT_count,             0
L2HIT_STREAM_PREF_DCACHE_INSERT_pct,         -nan
L2HIT_STREAM_PREF_DCACHE_INSERT_total_count,             0
L2HIT_STREAM_PREF_DCACHE_INSERT_total_pct,         -nan

L2HIT_STREAM_L2_MISS_count,             0
L2HIT_STREAM_L2_MISS_pct,         -nan
L2HIT_STREAM_L2_MISS_total_count,             0
L2HIT_STREAM_L2_MISS_total_pct,         -nan
L2HIT_STREAM_L2_MISS_sum_count,             0
L2HIT_STREAM_L2_MISS_sum_pct,         -nan
L2HIT_STREAM_L2_MISS_sum_total_count,             0
L2HIT_STREAM_L2_MISS_sum_total_pct,         -nan
L2HIT_STREAM_L2_MISS_mean,         -nan
L2HIT_STREAM_L2_MISS_stddev,         -nan
L2HIT_STREAM_L2_MISS_total_mean,         -nan
L2HIT_STREAM_L2_MISS_total_stddev,         -nan

L2HIT_STREAM_DCACHE_PORT_FULL_count,             0
L2HIT_STREAM_DCACHE_PORT_FULL_total_count,             0

L2HIT_STREAM_PREF_L1_PORT_FULL_count,             0
L2HIT_STREAM_PREF_L1_PORT_FULL_total_count,             0

L2HIT_TRAIN_HIT_DEMAND_count,             0
L2HIT_TRAIN_HIT_DEMAND_pct,         -nan
L2HIT_TRAIN_HIT_DEMAND_total_count,             0
L2HIT_TRAIN_HIT_DEMAND_total_pct,         -nan

L2HIT_TRAIN_MISS_REQ_count,             0
L2HIT_TRAIN_MISS_REQ_pct,         -nan
L2HIT_TRAIN_MISS_REQ_total_count,             0
L2HIT_TRAIN_MISS_REQ_total_pct,         -nan
L2HIT_TRAIN_MISS_REQ_sum_count,             0
L2HIT_TRAIN_MISS_REQ_sum_pct,         -nan
L2HIT_TRAIN_MISS_REQ_sum_total_count,             0
L2HIT_TRAIN_MISS_REQ_sum_total_pct,         -nan
L2HIT_TRAIN_MISS_REQ_mean,         -nan
L2HIT_TRAIN_MISS_REQ_stddev,         -nan
L2HIT_TRAIN_MISS_REQ_total_mean,         -nan
L2HIT_TRAIN_MISS_REQ_total_stddev,         -nan

L2HIT_TRAIN_FILTER_MISS_count,             0
L2HIT_TRAIN_FILTER_MISS_pct,         -nan
L2HIT_TRAIN_FILTER_MISS_total_count,             0
L2HIT_TRAIN_FILTER_MISS_total_pct,         -nan

L2HIT_TRAIN_FILTER_HIT_count,             0
L2HIT_TRAIN_FILTER_HIT_pct,         -nan
L2HIT_TRAIN_FILTER_HIT_total_count,             0
L2HIT_TRAIN_FILTER_HIT_total_pct,         -nan
L2HIT_TRAIN_FILTER_HIT_sum_count,             0
L2HIT_TRAIN_FILTER_HIT_sum_pct,         -nan
L2HIT_TRAIN_FILTER_HIT_sum_total_count,             0
L2HIT_TRAIN_FILTER_HIT_sum_total_pct,         -nan
L2HIT_TRAIN_FILTER_HIT_mean,         -nan
L2HIT_TRAIN_FILTER_HIT_stddev,         -nan
L2HIT_TRAIN_FILTER_HIT_total_mean,         -nan
L2HIT_TRAIN_FILTER_HIT_total_stddev,         -nan

L2HIT_PREF_REQ_DCACHE_HIT_count,             0
L2HIT_PREF_REQ_DCACHE_HIT_pct,         -nan
L2HIT_PREF_REQ_DCACHE_HIT_total_count,             0
L2HIT_PREF_REQ_DCACHE_HIT_total_pct,         -nan

L2HIT_PREF_REQ_DCACHE_MISS_count,             0
L2HIT_PREF_REQ_DCACHE_MISS_pct,         -nan
L2HIT_PREF_REQ_DCACHE_MISS_total_count,             0
L2HIT_PREF_REQ_DCACHE_MISS_total_pct,         -nan
L2HIT_PREF_REQ_DCACHE_MISS_sum_count,             0
L2HIT_PREF_REQ_DCACHE_MISS_sum_pct,         -nan
L2HIT_PREF_REQ_DCACHE_MISS_sum_total_count,             0
L2HIT_PREF_REQ_DCACHE_MISS_sum_total_pct,         -nan
L2HIT_PREF_REQ_DCACHE_MISS_mean,         -nan
L2HIT_PREF_REQ_DCACHE_MISS_stddev,         -nan
L2HIT_PREF_REQ_DCACHE_MISS_total_mean,         -nan
L2HIT_PREF_REQ_DCACHE_MISS_total_stddev,         -nan

L2HIT_L2SEND_Q_FULL_count,             0
L2HIT_L2SEND_Q_FULL_pct,         -nan
L2HIT_L2SEND_Q_FULL_total_count,             0
L2HIT_L2SEND_Q_FULL_total_pct,         -nan

L2HIT_L2SEND_Q_ENTER_count,             0
L2HIT_L2SEND_Q_ENTER_pct,         -nan
L2HIT_L2SEND_Q_ENTER_total_count,             0
L2HIT_L2SEND_Q_ENTER_total_pct,         -nan
L2HIT_L2SEND_Q_ENTER_sum_count,             0
L2HIT_L2SEND_Q_ENTER_sum_pct,         -nan
L2HIT_L2SEND_Q_ENTER_sum_total_count,             0
L2HIT_L2SEND_Q_ENTER_sum_total_pct,         -nan
L2HIT_L2SEND_Q_ENTER_mean,         -nan
L2HIT_L2SEND_Q_ENTER_stddev,         -nan
L2HIT_L2SEND_Q_ENTER_total_mean,         -nan
L2HIT_L2SEND_Q_ENTER_total_stddev,         -nan

L2HIT_MEM_REQ_count,             0
L2HIT_MEM_REQ_total_count,             0

REMOVE_REDUNDANT_STREAM_STAT_count,             0
REMOVE_REDUNDANT_STREAM_STAT_total_count,             0

REPLACE_OLD_STREAM_count,          6817
REPLACE_OLD_STREAM_total_count,         16216

REQ_SEND_QUEUE_STALL_count,             0
REQ_SEND_QUEUE_STALL_total_count,             0

STREAM_ENTER_RA_count,             0
STREAM_ENTER_RA_total_count,             0

CORE_STREAM_LENGTH_0_count,           162
CORE_STREAM_LENGTH_0_pct,        9.866
CORE_STREAM_LENGTH_0_total_count,           411
CORE_STREAM_LENGTH_0_total_pct,        8.974

CORE_STREAM_LENGTH_10_count,           391
CORE_STREAM_LENGTH_10_pct,       23.812
CORE_STREAM_LENGTH_10_total_count,          1703
CORE_STREAM_LENGTH_10_total_pct,       37.183

CORE_STREAM_LENGTH_20_count,           501
CORE_STREAM_LENGTH_20_pct,       30.512
CORE_STREAM_LENGTH_20_total_count,          1408
CORE_STREAM_LENGTH_20_total_pct,       30.742

CORE_STREAM_LENGTH_30_count,           148
CORE_STREAM_LENGTH_30_pct,        9.013
CORE_STREAM_LENGTH_30_total_count,           247
CORE_STREAM_LENGTH_30_total_pct,        5.393

CORE_STREAM_LENGTH_40_count,           219
CORE_STREAM_LENGTH_40_pct,       13.337
CORE_STREAM_LENGTH_40_total_count,           381
CORE_STREAM_LENGTH_40_total_pct,        8.319

CORE_STREAM_LENGTH_50_count,            28
CORE_STREAM_LENGTH_50_pct,        1.705
CORE_STREAM_LENGTH_50_total_count,            64
CORE_STREAM_LENGTH_50_total_pct,        1.397

CORE_STREAM_LENGTH_60_count,            13
CORE_STREAM_LENGTH_60_pct,        0.792
CORE_STREAM_LENGTH_60_total_count,            34
CORE_STREAM_LENGTH_60_total_pct,        0.742

CORE_STREAM_LENGTH_70_count,             7
CORE_STREAM_LENGTH_70_pct,        0.426
CORE_STREAM_LENGTH_70_total_count,            17
CORE_STREAM_LENGTH_70_total_pct,        0.371

CORE_STREAM_LENGTH_80_count,             4
CORE_STREAM_LENGTH_80_pct,        0.244
CORE_STREAM_LENGTH_80_total_count,             9
CORE_STREAM_LENGTH_80_total_pct,        0.197

CORE_STREAM_LENGTH_90_count,            16
CORE_STREAM_LENGTH_90_pct,        0.974
CORE_STREAM_LENGTH_90_total_count,            46
CORE_STREAM_LENGTH_90_total_pct,        1.004

CORE_STREAM_LENGTH_100_P_count,           153
CORE_STREAM_LENGTH_100_P_pct,        9.318
CORE_STREAM_LENGTH_100_P_total_count,           260
CORE_STREAM_LENGTH_100_P_total_pct,        5.677
CORE_STREAM_LENGTH_100_P_sum_count,          1642
CORE_STREAM_LENGTH_100_P_sum_pct,      100.000
CORE_STREAM_LENGTH_100_P_sum_total_count,          4580
CORE_STREAM_LENGTH_100_P_sum_total_pct,      100.000
CORE_STREAM_LENGTH_100_P_mean,         2.85
CORE_STREAM_LENGTH_100_P_stddev,         2.72
CORE_STREAM_LENGTH_100_P_total_mean,         2.30
CORE_STREAM_LENGTH_100_P_total_stddev,         2.32

CORE_CUM_STREAM_LENGTH_0_count,          1194
CORE_CUM_STREAM_LENGTH_0_pct,        0.925
CORE_CUM_STREAM_LENGTH_0_total_count,          2975
CORE_CUM_STREAM_LENGTH_0_total_pct,        1.261

CORE_CUM_STREAM_LENGTH_10_count,          5997
CORE_CUM_STREAM_LENGTH_10_pct,        4.647
CORE_CUM_STREAM_LENGTH_10_total_count,         23711
CORE_CUM_STREAM_LENGTH_10_total_pct,       10.050

CORE_CUM_STREAM_LENGTH_20_count,         11429
CORE_CUM_STREAM_LENGTH_20_pct,        8.856
CORE_CUM_STREAM_LENGTH_20_total_count,         32069
CORE_CUM_STREAM_LENGTH_20_total_pct,       13.593

CORE_CUM_STREAM_LENGTH_30_count,          5229
CORE_CUM_STREAM_LENGTH_30_pct,        4.052
CORE_CUM_STREAM_LENGTH_30_total_count,          8678
CORE_CUM_STREAM_LENGTH_30_total_pct,        3.678

CORE_CUM_STREAM_LENGTH_40_count,          9908
CORE_CUM_STREAM_LENGTH_40_pct,        7.677
CORE_CUM_STREAM_LENGTH_40_total_count,         17128
CORE_CUM_STREAM_LENGTH_40_total_pct,        7.260

CORE_CUM_STREAM_LENGTH_50_count,          1477
CORE_CUM_STREAM_LENGTH_50_pct,        1.144
CORE_CUM_STREAM_LENGTH_50_total_count,          3415
CORE_CUM_STREAM_LENGTH_50_total_pct,        1.447

CORE_CUM_STREAM_LENGTH_60_count,           833
CORE_CUM_STREAM_LENGTH_60_pct,        0.645
CORE_CUM_STREAM_LENGTH_60_total_count,          2160
CORE_CUM_STREAM_LENGTH_60_total_pct,        0.916

CORE_CUM_STREAM_LENGTH_70_count,           508
CORE_CUM_STREAM_LENGTH_70_pct,        0.394
CORE_CUM_STREAM_LENGTH_70_total_count,          1264
CORE_CUM_STREAM_LENGTH_70_total_pct,        0.536

CORE_CUM_STREAM_LENGTH_80_count,           330
CORE_CUM_STREAM_LENGTH_80_pct,        0.256
CORE_CUM_STREAM_LENGTH_80_total_count,           753
CORE_CUM_STREAM_LENGTH_80_total_pct,        0.319

CORE_CUM_STREAM_LENGTH_90_count,          1466
CORE_CUM_STREAM_LENGTH_90_pct,        1.136
CORE_CUM_STREAM_LENGTH_90_total_count,          4314
CORE_CUM_STREAM_LENGTH_90_total_pct,        1.829

CORE_CUM_STREAM_LENGTH_100_P_count,         90688
CORE_CUM_STREAM_LENGTH_100_P_pct,       70.269
CORE_CUM_STREAM_LENGTH_100_P_total_count,        139459
CORE_CUM_STREAM_LENGTH_100_P_total_pct,       59.111
CORE_CUM_STREAM_LENGTH_100_P_sum_count,        129059
CORE_CUM_STREAM_LENGTH_100_P_sum_pct,      100.000
CORE_CUM_STREAM_LENGTH_100_P_sum_total_count,        235926
CORE_CUM_STREAM_LENGTH_100_P_sum_total_pct,      100.000
CORE_CUM_STREAM_LENGTH_100_P_mean,         7.93
CORE_CUM_STREAM_LENGTH_100_P_stddev,         7.40
CORE_CUM_STREAM_LENGTH_100_P_total_mean,         7.04
CORE_CUM_STREAM_LENGTH_100_P_total_stddev,         6.56

CORE_STREAM_TRAIN_HITS_0_count,          1131
CORE_STREAM_TRAIN_HITS_0_pct,       68.879
CORE_STREAM_TRAIN_HITS_0_total_count,          3302
CORE_STREAM_TRAIN_HITS_0_total_pct,       72.096

CORE_STREAM_TRAIN_HITS_10_count,           334
CORE_STREAM_TRAIN_HITS_10_pct,       20.341
CORE_STREAM_TRAIN_HITS_10_total_count,           908
CORE_STREAM_TRAIN_HITS_10_total_pct,       19.825

CORE_STREAM_TRAIN_HITS_20_count,            28
CORE_STREAM_TRAIN_HITS_20_pct,        1.705
CORE_STREAM_TRAIN_HITS_20_total_count,            77
CORE_STREAM_TRAIN_HITS_20_total_pct,        1.681

CORE_STREAM_TRAIN_HITS_30_count,            21
CORE_STREAM_TRAIN_HITS_30_pct,        1.279
CORE_STREAM_TRAIN_HITS_30_total_count,            62
CORE_STREAM_TRAIN_HITS_30_total_pct,        1.354

CORE_STREAM_TRAIN_HITS_40_count,            24
CORE_STREAM_TRAIN_HITS_40_pct,        1.462
CORE_STREAM_TRAIN_HITS_40_total_count,            49
CORE_STREAM_TRAIN_HITS_40_total_pct,        1.070

CORE_STREAM_TRAIN_HITS_50_count,             7
CORE_STREAM_TRAIN_HITS_50_pct,        0.426
CORE_STREAM_TRAIN_HITS_50_total_count,            19
CORE_STREAM_TRAIN_HITS_50_total_pct,        0.415

CORE_STREAM_TRAIN_HITS_60_count,            25
CORE_STREAM_TRAIN_HITS_60_pct,        1.523
CORE_STREAM_TRAIN_HITS_60_total_count,            41
CORE_STREAM_TRAIN_HITS_60_total_pct,        0.895

CORE_STREAM_TRAIN_HITS_70_count,             8
CORE_STREAM_TRAIN_HITS_70_pct,        0.487
CORE_STREAM_TRAIN_HITS_70_total_count,            17
CORE_STREAM_TRAIN_HITS_70_total_pct,        0.371

CORE_STREAM_TRAIN_HITS_80_count,             4
CORE_STREAM_TRAIN_HITS_80_pct,        0.244
CORE_STREAM_TRAIN_HITS_80_total_count,             5
CORE_STREAM_TRAIN_HITS_80_total_pct,        0.109

CORE_STREAM_TRAIN_HITS_90_count,             1
CORE_STREAM_TRAIN_HITS_90_pct,        0.061
CORE_STREAM_TRAIN_HITS_90_total_count,             1
CORE_STREAM_TRAIN_HITS_90_total_pct,        0.022

CORE_STREAM_TRAIN_HITS_100_P_count,            59
CORE_STREAM_TRAIN_HITS_100_P_pct,        3.593
CORE_STREAM_TRAIN_HITS_100_P_total_count,            99
CORE_STREAM_TRAIN_HITS_100_P_total_pct,        2.162
CORE_STREAM_TRAIN_HITS_100_P_sum_count,          1642
CORE_STREAM_TRAIN_HITS_100_P_sum_pct,      100.000
CORE_STREAM_TRAIN_HITS_100_P_sum_total_count,          4580
CORE_STREAM_TRAIN_HITS_100_P_sum_total_pct,      100.000
CORE_STREAM_TRAIN_HITS_100_P_mean,         0.87
CORE_STREAM_TRAIN_HITS_100_P_stddev,         2.02
CORE_STREAM_TRAIN_HITS_100_P_total_mean,         0.64
CORE_STREAM_TRAIN_HITS_100_P_total_stddev,         1.65

CORE_CUM_STREAM_TRAIN_HITS_0_count,          7350
CORE_CUM_STREAM_TRAIN_HITS_0_pct,       13.985
CORE_CUM_STREAM_TRAIN_HITS_0_total_count,         20942
CORE_CUM_STREAM_TRAIN_HITS_0_total_pct,       20.786

CORE_CUM_STREAM_TRAIN_HITS_10_count,          4466
CORE_CUM_STREAM_TRAIN_HITS_10_pct,        8.498
CORE_CUM_STREAM_TRAIN_HITS_10_total_count,         11830
CORE_CUM_STREAM_TRAIN_HITS_10_total_pct,       11.742

CORE_CUM_STREAM_TRAIN_HITS_20_count,           708
CORE_CUM_STREAM_TRAIN_HITS_20_pct,        1.347
CORE_CUM_STREAM_TRAIN_HITS_20_total_count,          1967
CORE_CUM_STREAM_TRAIN_HITS_20_total_pct,        1.952

CORE_CUM_STREAM_TRAIN_HITS_30_count,           705
CORE_CUM_STREAM_TRAIN_HITS_30_pct,        1.341
CORE_CUM_STREAM_TRAIN_HITS_30_total_count,          2141
CORE_CUM_STREAM_TRAIN_HITS_30_total_pct,        2.125

CORE_CUM_STREAM_TRAIN_HITS_40_count,          1062
CORE_CUM_STREAM_TRAIN_HITS_40_pct,        2.021
CORE_CUM_STREAM_TRAIN_HITS_40_total_count,          2150
CORE_CUM_STREAM_TRAIN_HITS_40_total_pct,        2.134

CORE_CUM_STREAM_TRAIN_HITS_50_count,           386
CORE_CUM_STREAM_TRAIN_HITS_50_pct,        0.734
CORE_CUM_STREAM_TRAIN_HITS_50_total_count,          1037
CORE_CUM_STREAM_TRAIN_HITS_50_total_pct,        1.029

CORE_CUM_STREAM_TRAIN_HITS_60_count,          1623
CORE_CUM_STREAM_TRAIN_HITS_60_pct,        3.088
CORE_CUM_STREAM_TRAIN_HITS_60_total_count,          2661
CORE_CUM_STREAM_TRAIN_HITS_60_total_pct,        2.641

CORE_CUM_STREAM_TRAIN_HITS_70_count,           596
CORE_CUM_STREAM_TRAIN_HITS_70_pct,        1.134
CORE_CUM_STREAM_TRAIN_HITS_70_total_count,          1275
CORE_CUM_STREAM_TRAIN_HITS_70_total_pct,        1.265

CORE_CUM_STREAM_TRAIN_HITS_80_count,           345
CORE_CUM_STREAM_TRAIN_HITS_80_pct,        0.656
CORE_CUM_STREAM_TRAIN_HITS_80_total_count,           430
CORE_CUM_STREAM_TRAIN_HITS_80_total_pct,        0.427

CORE_CUM_STREAM_TRAIN_HITS_90_count,            90
CORE_CUM_STREAM_TRAIN_HITS_90_pct,        0.171
CORE_CUM_STREAM_TRAIN_HITS_90_total_count,            90
CORE_CUM_STREAM_TRAIN_HITS_90_total_pct,        0.089

CORE_CUM_STREAM_TRAIN_HITS_100_P_count,         35224
CORE_CUM_STREAM_TRAIN_HITS_100_P_pct,       67.023
CORE_CUM_STREAM_TRAIN_HITS_100_P_total_count,         56229
CORE_CUM_STREAM_TRAIN_HITS_100_P_total_pct,       55.809
CORE_CUM_STREAM_TRAIN_HITS_100_P_sum_count,         52555
CORE_CUM_STREAM_TRAIN_HITS_100_P_sum_pct,      100.000
CORE_CUM_STREAM_TRAIN_HITS_100_P_sum_total_count,        100752
CORE_CUM_STREAM_TRAIN_HITS_100_P_sum_total_pct,      100.000
CORE_CUM_STREAM_TRAIN_HITS_100_P_mean,         7.30
CORE_CUM_STREAM_TRAIN_HITS_100_P_stddev,         6.71
CORE_CUM_STREAM_TRAIN_HITS_100_P_total_mean,         6.23
CORE_CUM_STREAM_TRAIN_HITS_100_P_total_stddev,         5.79

CORE_STREAM_TRAIN_CREATE_count,          6817
CORE_STREAM_TRAIN_CREATE_total_count,         16232



